0.5297
0.8318
0.8537
0.8625
0.8696
0.8765
0.8827
0.8863
0.8889
0.8906
0.8933
0.8947
0.8966
0.8978
0.8988
0.9001
0.9017
0.9024
0.9035
0.9045
0.9053
0.9063
0.9074
0.9084
0.9093
0.9101
0.9110
0.9120
0.9127
0.9137
0.9145
0.9153
0.9162
0.9169
0.9174
0.9178
0.9186
0.9191
0.9198
0.9204
0.9210
0.9216
0.9221
0.9226
0.9233
0.9236
0.9240
0.9515
0.9516
0.9505
0.9489
0.9493
0.9502
0.9515
0.9515
0.9516
0.9518
0.9523
0.9521
0.9526
0.9530
0.9527
0.9529
0.9532
0.9532
0.9536
0.9539
0.9539
0.9540
0.9543
0.9545
0.9548
0.9550
0.9552
0.9555
0.9556
0.9558
0.9559
0.9561
0.9564
0.9565
0.9565
0.9565
0.9566
0.9568
0.9569
0.9571
0.9572
0.9574
0.9575
0.9576
0.9577
0.9578
0.9580
0.9612
0.9667
0.9670
0.9644
0.9643
0.9647
0.9655
0.9654
0.9655
0.9648
0.9650
0.9646
0.9648
0.9649
0.9646
0.9648
0.9649
0.9648
0.9648
0.9650
0.9650
0.9650
0.9652
0.9647
0.9642
0.9643
0.9643
0.9644
0.9644
0.9645
0.9647
0.9648
0.9649
0.9649
0.9648
0.9648
0.9647
0.9648
0.9648
0.9649
0.9650
0.9651
0.9652
0.9652
0.9652
0.9652
0.9653
0.9794
0.9704
0.9697
0.9682
0.9683
0.9686
0.9688
0.9685
0.9686
0.9686
0.9686
0.9682
0.9685
0.9686
0.9681
0.9682
0.9684
0.9682
0.9683
0.9685
0.9683
0.9682
0.9684
0.9685
0.9685
0.9686
0.9686
0.9687
0.9687
0.9688
0.9689
0.9690
0.9691
0.9691
0.9690
0.9689
0.9688
0.9689
0.9688
0.9689
0.9690
0.9690
0.9690
0.9690
0.9691
0.9691
0.9691
0.9711
0.9706
0.9713
0.9705
0.9701
0.9706
0.9710
0.9707
0.9708
0.9708
0.9709
0.9706
0.9708
0.9708
0.9706
0.9707
0.9708
0.9706
0.9705
0.9707
0.9705
0.9704
0.9706
0.9706
0.9706
0.9707
0.9707
0.9708
0.9707
0.9708
0.9709
0.9710
0.9711
0.9711
0.9710
0.9709
0.9708
0.9709
0.9709
0.9709
0.9709
0.9710
0.9710
0.9710
0.9711
0.9710
0.9711
0.9640
0.9745
0.9755
0.9743
0.9738
0.9739
0.9741
0.9733
0.9730
0.9727
0.9727
0.9722
0.9724
0.9725
0.9723
0.9723
0.9724
0.9722
0.9721
0.9722
0.9721
0.9722
0.9723
0.9724
0.9722
0.9722
0.9722
0.9723
0.9723
0.9724
0.9724
0.9725
0.9726
0.9726
0.9726
0.9724
0.9723
0.9724
0.9724
0.9725
0.9725
0.9725
0.9726
0.9726
0.9726
0.9726
0.9725
0.9546
0.9755
0.9753
0.9747
0.9745
0.9739
0.9742
0.9737
0.9738
0.9733
0.9734
0.9731
0.9733
0.9732
0.9730
0.9730
0.9732
0.9730
0.9729
0.9732
0.9731
0.9731
0.9731
0.9732
0.9730
0.9731
0.9731
0.9732
0.9730
0.9731
0.9732
0.9732
0.9733
0.9734
0.9733
0.9732
0.9732
0.9732
0.9732
0.9733
0.9734
0.9734
0.9733
0.9733
0.9734
0.9733
0.9733
0.9666
0.9756
0.9747
0.9744
0.9742
0.9745
0.9748
0.9745
0.9745
0.9741
0.9742
0.9739
0.9741
0.9742
0.9739
0.9740
0.9742
0.9741
0.9742
0.9743
0.9743
0.9743
0.9743
0.9742
0.9739
0.9740
0.9740
0.9741
0.9740
0.9740
0.9741
0.9741
0.9742
0.9742
0.9741
0.9740
0.9739
0.9739
0.9740
0.9740
0.9741
0.9742
0.9742
0.9742
0.9742
0.9742
0.9742
0.9119
0.9754
0.9752
0.9746
0.9748
0.9749
0.9753
0.9752
0.9754
0.9752
0.9753
0.9748
0.9749
0.9750
0.9747
0.9748
0.9750
0.9748
0.9748
0.9749
0.9748
0.9748
0.9748
0.9748
0.9747
0.9747
0.9748
0.9748
0.9748
0.9749
0.9749
0.9750
0.9750
0.9750
0.9750
0.9749
0.9748
0.9748
0.9748
0.9749
0.9749
0.9750
0.9750
0.9750
0.9750
0.9751
0.9751
0.9844
0.9744
0.9744
0.9745
0.9741
0.9747
0.9752
0.9748
0.9750
0.9749
0.9749
0.9745
0.9748
0.9749
0.9747
0.9747
0.9748
0.9748
0.9748
0.9749
0.9749
0.9750
0.9750
0.9751
0.9750
0.9750
0.9750
0.9751
0.9750
0.9752
0.9752
0.9753
0.9753
0.9754
0.9753
0.9753
0.9752
0.9752
0.9752
0.9753
0.9753
0.9754
0.9753
0.9754
0.9754
0.9754
0.9754
0.9671
0.9768
0.9758
0.9751
0.9750
0.9753
0.9759
0.9759
0.9759
0.9758
0.9758
0.9754
0.9757
0.9758
0.9757
0.9758
0.9759
0.9758
0.9757
0.9759
0.9759
0.9759
0.9759
0.9761
0.9759
0.9759
0.9759
0.9760
0.9759
0.9759
0.9760
0.9760
0.9761
0.9761
0.9760
0.9760
0.9759
0.9759
0.9759
0.9760
0.9760
0.9760
0.9760
0.9760
0.9760
0.9760
0.9760
0.9820
0.9744
0.9753
0.9755
0.9755
0.9754
0.9761
0.9760
0.9760
0.9758
0.9758
0.9755
0.9757
0.9758
0.9756
0.9757
0.9759
0.9758
0.9758
0.9760
0.9759
0.9759
0.9760
0.9761
0.9759
0.9759
0.9760
0.9761
0.9760
0.9762
0.9762
0.9762
0.9763
0.9763
0.9763
0.9762
0.9761
0.9761
0.9760
0.9761
0.9761
0.9761
0.9761
0.9762
0.9762
0.9763
0.9762
0.9790
0.9776
0.9773
0.9774
0.9768
0.9770
0.9773
0.9770
0.9769
0.9768
0.9768
0.9764
0.9766
0.9767
0.9766
0.9766
0.9767
0.9766
0.9764
0.9765
0.9764
0.9764
0.9764
0.9765
0.9764
0.9764
0.9763
0.9764
0.9764
0.9764
0.9765
0.9766
0.9766
0.9766
0.9766
0.9765
0.9764
0.9764
0.9764
0.9764
0.9765
0.9765
0.9765
0.9766
0.9766
0.9766
0.9766
0.9796
0.9772
0.9773
0.9773
0.9772
0.9775
0.9779
0.9775
0.9771
0.9768
0.9768
0.9764
0.9766
0.9767
0.9768
0.9768
0.9769
0.9768
0.9767
0.9768
0.9767
0.9767
0.9767
0.9768
0.9766
0.9767
0.9767
0.9768
0.9768
0.9768
0.9769
0.9769
0.9770
0.9771
0.9770
0.9769
0.9768
0.9768
0.9768
0.9769
0.9770
0.9769
0.9769
0.9770
0.9770
0.9770
0.9770
0.9818
0.9775
0.9782
0.9786
0.9778
0.9777
0.9778
0.9779
0.9777
0.9777
0.9777
0.9773
0.9773
0.9774
0.9772
0.9771
0.9772
0.9772
0.9771
0.9772
0.9772
0.9772
0.9772
0.9774
0.9772
0.9772
0.9772
0.9773
0.9773
0.9773
0.9773
0.9774
0.9774
0.9775
0.9774
0.9773
0.9772
0.9772
0.9772
0.9772
0.9773
0.9773
0.9773
0.9773
0.9773
0.9773
0.9773
0.9656
0.9792
0.9787
0.9785
0.9782
0.9782
0.9786
0.9785
0.9784
0.9779
0.9779
0.9776
0.9777
0.9778
0.9776
0.9775
0.9776
0.9775
0.9774
0.9775
0.9773
0.9773
0.9774
0.9775
0.9773
0.9772
0.9772
0.9772
0.9772
0.9773
0.9773
0.9774
0.9775
0.9775
0.9774
0.9774
0.9772
0.9772
0.9772
0.9773
0.9773
0.9774
0.9774
0.9774
0.9774
0.9774
0.9774
0.9826
0.9782
0.9782
0.9786
0.9782
0.9782
0.9786
0.9782
0.9780
0.9777
0.9778
0.9775
0.9777
0.9777
0.9777
0.9776
0.9778
0.9776
0.9776
0.9777
0.9777
0.9777
0.9777
0.9778
0.9776
0.9775
0.9776
0.9777
0.9776
0.9777
0.9778
0.9778
0.9780
0.9779
0.9779
0.9778
0.9777
0.9778
0.9778
0.9778
0.9778
0.9779
0.9778
0.9779
0.9779
0.9779
0.9779
0.9859
0.9781
0.9787
0.9791
0.9783
0.9783
0.9787
0.9786
0.9783
0.9781
0.9780
0.9777
0.9779
0.9779
0.9778
0.9778
0.9779
0.9780
0.9778
0.9779
0.9779
0.9779
0.9778
0.9779
0.9777
0.9777
0.9778
0.9778
0.9778
0.9780
0.9779
0.9780
0.9781
0.9781
0.9780
0.9780
0.9780
0.9780
0.9780
0.9780
0.9781
0.9781
0.9781
0.9781
0.9782
0.9782
0.9781
0.9840
0.9789
0.9787
0.9791
0.9784
0.9786
0.9789
0.9789
0.9786
0.9783
0.9784
0.9781
0.9783
0.9784
0.9783
0.9783
0.9783
0.9784
0.9782
0.9784
0.9784
0.9784
0.9784
0.9785
0.9783
0.9783
0.9783
0.9783
0.9783
0.9784
0.9784
0.9785
0.9786
0.9786
0.9785
0.9785
0.9783
0.9783
0.9783
0.9783
0.9784
0.9784
0.9783
0.9783
0.9783
0.9783
0.9783
0.9783
0.9777
0.9773
0.9780
0.9776
0.9777
0.9780
0.9782
0.9784
0.9783
0.9784
0.9782
0.9784
0.9785
0.9784
0.9784
0.9785
0.9785
0.9785
0.9785
0.9785
0.9785
0.9785
0.9786
0.9783
0.9782
0.9783
0.9783
0.9782
0.9783
0.9783
0.9784
0.9785
0.9785
0.9784
0.9784
0.9783
0.9783
0.9783
0.9784
0.9785
0.9785
0.9785
0.9785
0.9785
0.9786
0.9786
0.9795
0.9794
0.9792
0.9792
0.9786
0.9787
0.9789
0.9788
0.9789
0.9787
0.9786
0.9784
0.9786
0.9785
0.9785
0.9785
0.9786
0.9786
0.9785
0.9786
0.9787
0.9787
0.9787
0.9788
0.9787
0.9787
0.9787
0.9787
0.9787
0.9788
0.9788
0.9788
0.9789
0.9788
0.9788
0.9787
0.9787
0.9787
0.9786
0.9787
0.9787
0.9788
0.9787
0.9787
0.9787
0.9788
0.9788
0.9797
0.9779
0.9772
0.9776
0.9776
0.9782
0.9785
0.9787
0.9790
0.9788
0.9789
0.9787
0.9787
0.9789
0.9787
0.9787
0.9787
0.9787
0.9786
0.9786
0.9787
0.9787
0.9786
0.9788
0.9787
0.9786
0.9787
0.9788
0.9788
0.9789
0.9789
0.9789
0.9790
0.9791
0.9790
0.9790
0.9790
0.9790
0.9790
0.9790
0.9791
0.9791
0.9791
0.9791
0.9790
0.9791
0.9790
0.9852
0.9804
0.9800
0.9797
0.9796
0.9797
0.9797
0.9795
0.9797
0.9795
0.9794
0.9793
0.9793
0.9794
0.9794
0.9794
0.9794
0.9794
0.9793
0.9794
0.9794
0.9793
0.9793
0.9794
0.9793
0.9793
0.9794
0.9794
0.9793
0.9793
0.9793
0.9793
0.9794
0.9794
0.9794
0.9792
0.9791
0.9791
0.9790
0.9791
0.9791
0.9791
0.9791
0.9791
0.9791
0.9792
0.9791
0.9847
0.9798
0.9793
0.9792
0.9791
0.9793
0.9793
0.9793
0.9795
0.9791
0.9790
0.9790
0.9791
0.9792
0.9791
0.9791
0.9792
0.9792
0.9792
0.9792
0.9793
0.9791
0.9791
0.9792
0.9789
0.9788
0.9788
0.9788
0.9788
0.9789
0.9789
0.9789
0.9790
0.9791
0.9791
0.9791
0.9789
0.9790
0.9790
0.9790
0.9791
0.9791
0.9791
0.9791
0.9792
0.9792
0.9792
0.9812
0.9806
0.9800
0.9802
0.9798
0.9800
0.9801
0.9799
0.9800
0.9799
0.9799
0.9798
0.9798
0.9798
0.9799
0.9799
0.9800
0.9799
0.9798
0.9797
0.9797
0.9797
0.9797
0.9798
0.9797
0.9796
0.9796
0.9797
0.9796
0.9797
0.9797
0.9797
0.9797
0.9797
0.9798
0.9797
0.9796
0.9796
0.9796
0.9796
0.9796
0.9796
0.9796
0.9796
0.9796
0.9796
0.9796
0.9535
0.9787
0.9783
0.9782
0.9778
0.9784
0.9787
0.9788
0.9789
0.9787
0.9788
0.9788
0.9789
0.9790
0.9791
0.9792
0.9794
0.9793
0.9793
0.9793
0.9794
0.9793
0.9793
0.9795
0.9792
0.9791
0.9791
0.9792
0.9792
0.9792
0.9792
0.9793
0.9793
0.9794
0.9794
0.9794
0.9792
0.9793
0.9793
0.9793
0.9794
0.9794
0.9794
0.9794
0.9794
0.9794
0.9794
0.9855
0.9791
0.9791
0.9797
0.9794
0.9798
0.9800
0.9799
0.9800
0.9799
0.9798
0.9798
0.9798
0.9800
0.9799
0.9797
0.9798
0.9798
0.9797
0.9797
0.9798
0.9797
0.9796
0.9797
0.9796
0.9796
0.9796
0.9796
0.9796
0.9796
0.9797
0.9797
0.9797
0.9798
0.9798
0.9798
0.9796
0.9796
0.9796
0.9796
0.9797
0.9798
0.9797
0.9797
0.9797
0.9797
0.9797
0.9871
0.9788
0.9790
0.9797
0.9792
0.9798
0.9800
0.9799
0.9799
0.9798
0.9799
0.9799
0.9799
0.9799
0.9799
0.9799
0.9800
0.9800
0.9799
0.9799
0.9800
0.9798
0.9798
0.9799
0.9798
0.9798
0.9799
0.9799
0.9798
0.9799
0.9799
0.9799
0.9800
0.9800
0.9800
0.9800
0.9798
0.9798
0.9798
0.9799
0.9799
0.9799
0.9799
0.9799
0.9799
0.9799
0.9799
0.9785
0.9805
0.9796
0.9803
0.9801
0.9804
0.9806
0.9804
0.9805
0.9804
0.9804
0.9802
0.9801
0.9802
0.9802
0.9802
0.9803
0.9803
0.9803
0.9803
0.9803
0.9803
0.9802
0.9802
0.9802
0.9801
0.9801
0.9801
0.9800
0.9801
0.9801
0.9801
0.9802
0.9802
0.9802
0.9802
0.9801
0.9801
0.9801
0.9801
0.9801
0.9802
0.9802
0.9802
0.9801
0.9802
0.9801
0.9852
0.9785
0.9789
0.9796
0.9797
0.9800
0.9803
0.9803
0.9804
0.9802
0.9801
0.9801
0.9801
0.9801
0.9800
0.9800
0.9801
0.9801
0.9800
0.9800
0.9800
0.9800
0.9799
0.9800
0.9799
0.9799
0.9799
0.9800
0.9799
0.9799
0.9799
0.9799
0.9800
0.9800
0.9800
0.9800
0.9799
0.9799
0.9799
0.9799
0.9800
0.9800
0.9800
0.9800
0.9800
0.9801
0.9800
0.9693
0.9801
0.9797
0.9803
0.9801
0.9803
0.9804
0.9803
0.9804
0.9802
0.9801
0.9801
0.9802
0.9802
0.9801
0.9801
0.9801
0.9801
0.9801
0.9801
0.9801
0.9802
0.9801
0.9802
0.9801
0.9801
0.9801
0.9802
0.9801
0.9802
0.9802
0.9802
0.9803
0.9803
0.9803
0.9803
0.9801
0.9801
0.9801
0.9801
0.9802
0.9802
0.9802
0.9802
0.9802
0.9802
0.9802
0.9875
0.9810
0.9805
0.9806
0.9805
0.9809
0.9809
0.9808
0.9807
0.9806
0.9805
0.9805
0.9805
0.9805
0.9806
0.9805
0.9806
0.9806
0.9805
0.9804
0.9805
0.9805
0.9805
0.9806
0.9805
0.9805
0.9806
0.9806
0.9805
0.9806
0.9806
0.9806
0.9807
0.9807
0.9807
0.9807
0.9805
0.9805
0.9806
0.9806
0.9806
0.9806
0.9806
0.9806
0.9805
0.9805
0.9805
0.9752
0.9788
0.9794
0.9796
0.9797
0.9803
0.9804
0.9804
0.9805
0.9803
0.9802
0.9802
0.9802
0.9804
0.9804
0.9804
0.9804
0.9805
0.9805
0.9804
0.9805
0.9805
0.9805
0.9806
0.9805
0.9805
0.9805
0.9805
0.9805
0.9805
0.9806
0.9806
0.9807
0.9807
0.9807
0.9806
0.9805
0.9805
0.9805
0.9805
0.9805
0.9805
0.9806
0.9806
0.9805
0.9806
0.9805
0.9846
0.9798
0.9803
0.9806
0.9803
0.9807
0.9807
0.9807
0.9809
0.9809
0.9808
0.9807
0.9807
0.9808
0.9808
0.9803
0.9803
0.9804
0.9804
0.9803
0.9804
0.9804
0.9804
0.9805
0.9803
0.9803
0.9804
0.9804
0.9804
0.9804
0.9804
0.9804
0.9805
0.9805
0.9805
0.9805
0.9804
0.9804
0.9804
0.9804
0.9804
0.9804
0.9804
0.9804
0.9804
0.9805
0.9805
0.9769
0.9807
0.9806
0.9805
0.9805
0.9807
0.9807
0.9807
0.9808
0.9807
0.9807
0.9808
0.9808
0.9809
0.9808
0.9807
0.9807
0.9807
0.9807
0.9807
0.9808
0.9808
0.9808
0.9808
0.9808
0.9808
0.9808
0.9808
0.9807
0.9807
0.9808
0.9808
0.9808
0.9809
0.9808
0.9808
0.9806
0.9807
0.9807
0.9807
0.9807
0.9808
0.9807
0.9807
0.9807
0.9807
0.9807
0.9597
0.9800
0.9802
0.9805
0.9804
0.9809
0.9806
0.9807
0.9807
0.9806
0.9806
0.9805
0.9804
0.9806
0.9806
0.9805
0.9806
0.9806
0.9806
0.9806
0.9807
0.9807
0.9806
0.9806
0.9806
0.9806
0.9805
0.9805
0.9805
0.9806
0.9806
0.9806
0.9807
0.9808
0.9808
0.9807
0.9806
0.9806
0.9806
0.9806
0.9806
0.9806
0.9806
0.9806
0.9806
0.9806
0.9806
0.9898
0.9812
0.9807
0.9809
0.9805
0.9810
0.9809
0.9809
0.9809
0.9809
0.9809
0.9808
0.9807
0.9808
0.9808
0.9807
0.9809
0.9808
0.9808
0.9808
0.9809
0.9809
0.9809
0.9810
0.9809
0.9809
0.9809
0.9810
0.9809
0.9809
0.9810
0.9809
0.9810
0.9810
0.9810
0.9810
0.9808
0.9808
0.9808
0.9808
0.9809
0.9809
0.9809
0.9809
0.9808
0.9809
0.9809
0.9648
0.9795
0.9803
0.9804
0.9802
0.9807
0.9807
0.9809
0.9810
0.9809
0.9810
0.9810
0.9808
0.9809
0.9809
0.9807
0.9808
0.9808
0.9808
0.9808
0.9809
0.9809
0.9809
0.9809
0.9808
0.9808
0.9808
0.9808
0.9808
0.9808
0.9809
0.9809
0.9809
0.9810
0.9810
0.9810
0.9808
0.9808
0.9808
0.9809
0.9809
0.9810
0.9809
0.9809
0.9808
0.9809
0.9809
0.9890
0.9797
0.9801
0.9806
0.9805
0.9810
0.9811
0.9811
0.9809
0.9807
0.9807
0.9807
0.9807
0.9808
0.9808
0.9808
0.9810
0.9810
0.9811
0.9811
0.9811
0.9811
0.9811
0.9812
0.9810
0.9810
0.9810
0.9810
0.9810
0.9809
0.9810
0.9810
0.9810
0.9811
0.9811
0.9811
0.9809
0.9809
0.9809
0.9808
0.9809
0.9809
0.9809
0.9809
0.9809
0.9809
0.9809
0.9872
0.9799
0.9806
0.9811
0.9811
0.9814
0.9813
0.9814
0.9812
0.9812
0.9811
0.9810
0.9810
0.9811
0.9811
0.9810
0.9811
0.9810
0.9810
0.9810
0.9811
0.9810
0.9810
0.9811
0.9810
0.9810
0.9810
0.9810
0.9810
0.9810
0.9811
0.9811
0.9811
0.9812
0.9812
0.9811
0.9810
0.9810
0.9810
0.9811
0.9811
0.9812
0.9811
0.9811
0.9811
0.9811
0.9812
0.9727
0.9802
0.9805
0.9810
0.9808
0.9812
0.9813
0.9815
0.9815
0.9814
0.9813
0.9812
0.9812
0.9813
0.9813
0.9812
0.9812
0.9813
0.9813
0.9813
0.9813
0.9813
0.9813
0.9814
0.9813
0.9813
0.9812
0.9813
0.9813
0.9812
0.9813
0.9813
0.9813
0.9814
0.9813
0.9813
0.9812
0.9811
0.9811
0.9811
0.9811
0.9812
0.9812
0.9812
0.9811
0.9812
0.9812
0.9788
0.9805
0.9811
0.9818
0.9812
0.9814
0.9814
0.9815
0.9813
0.9814
0.9813
0.9813
0.9812
0.9814
0.9814
0.9813
0.9814
0.9814
0.9813
0.9813
0.9814
0.9814
0.9814
0.9814
0.9814
0.9814
0.9814
0.9814
0.9814
0.9814
0.9814
0.9815
0.9815
0.9816
0.9816
0.9815
0.9814
0.9814
0.9814
0.9814
0.9814
0.9815
0.9814
0.9814
0.9814
0.9814
0.9815
0.9815
0.9791
0.9802
0.9808
0.9806
0.9810
0.9811
0.9813
0.9813
0.9812
0.9811
0.9812
0.9812
0.9814
0.9814
0.9811
0.9811
0.9812
0.9811
0.9812
0.9812
0.9812
0.9812
0.9813
0.9813
0.9812
0.9812
0.9812
0.9812
0.9812
0.9813
0.9813
0.9813
0.9814
0.9814
0.9814
0.9812
0.9812
0.9812
0.9812
0.9813
0.9813
0.9813
0.9813
0.9813
0.9813
0.9814
0.9809
0.9798
0.9805
0.9816
0.9812
0.9815
0.9816
0.9818
0.9818
0.9817
0.9817
0.9817
0.9816
0.9818
0.9818
0.9815
0.9815
0.9816
0.9816
0.9815
0.9816
0.9814
0.9813
0.9814
0.9813
0.9813
0.9813
0.9813
0.9813
0.9812
0.9813
0.9813
0.9813
0.9813
0.9813
0.9813
0.9812
0.9812
0.9812
0.9812
0.9812
0.9813
0.9813
0.9813
0.9813
0.9813
0.9813
0.9777
0.9795
0.9801
0.9812
0.9811
0.9812
0.9813
0.9815
0.9816
0.9815
0.9814
0.9814
0.9814
0.9816
0.9816
0.9815
0.9816
0.9816
0.9815
0.9815
0.9816
0.9815
0.9815
0.9816
0.9816
0.9816
0.9816
0.9816
0.9816
0.9816
0.9817
0.9817
0.9818
0.9818
0.9818
0.9818
0.9818
0.9817
0.9817
0.9817
0.9818
0.9818
0.9817
0.9818
0.9817
0.9817
0.9817
0.9692
0.9802
0.9809
0.9813
0.9810
0.9811
0.9811
0.9812
0.9811
0.9811
0.9811
0.9811
0.9810
0.9812
0.9813
0.9813
0.9813
0.9814
0.9813
0.9813
0.9814
0.9814
0.9814
0.9815
0.9813
0.9812
0.9812
0.9811
0.9812
0.9812
0.9812
0.9813
0.9813
0.9814
0.9814
0.9814
0.9813
0.9813
0.9813
0.9813
0.9813
0.9813
0.9813
0.9813
0.9813
0.9813
0.9813
0.9911
0.9808
0.9809
0.9818
0.9815
0.9816
0.9816
0.9817
0.9817
0.9818
0.9817
0.9817
0.9817
0.9819
0.9819
0.9818
0.9818
0.9819
0.9818
0.9818
0.9819
0.9818
0.9818
0.9818
0.9819
0.9818
0.9818
0.9817
0.9818
0.9817
0.9817
0.9818
0.9818
0.9818
0.9818
0.9818
0.9817
0.9816
0.9816
0.9817
0.9817
0.9818
0.9817
0.9818
0.9817
0.9817
0.9817
0.9865
0.9791
0.9800
0.9813
0.9806
0.9807
0.9809
0.9813
0.9814
0.9815
0.9814
0.9816
0.9814
0.9816
0.9816
0.9815
0.9815
0.9816
0.9815
0.9816
0.9816
0.9815
0.9815
0.9816
0.9816
0.9816
0.9816
0.9816
0.9816
0.9816
0.9816
0.9817
0.9817
0.9817
0.9818
0.9817
0.9817
0.9817
0.9817
0.9817
0.9817
0.9817
0.9817
0.9817
0.9817
0.9817
0.9817
0.9748
0.9796
0.9804
0.9814
0.9811
0.9811
0.9812
0.9815
0.9814
0.9815
0.9814
0.9815
0.9814
0.9816
0.9816
0.9816
0.9817
0.9817
0.9817
0.9817
0.9817
0.9817
0.9817
0.9817
0.9817
0.9816
0.9816
0.9816
0.9816
0.9816
0.9816
0.9817
0.9817
0.9817
0.9817
0.9817
0.9816
0.9816
0.9816
0.9816
0.9816
0.9817
0.9817
0.9817
0.9817
0.9817
0.9817
0.9827
0.9803
0.9808
0.9817
0.9812
0.9813
0.9814
0.9817
0.9817
0.9815
0.9815
0.9816
0.9815
0.9817
0.9816
0.9815
0.9815
0.9817
0.9815
0.9816
0.9817
0.9817
0.9817
0.9817
0.9817
0.9816
0.9816
0.9817
0.9817
0.9817
0.9817
0.9817
0.9817
0.9817
0.9818
0.9817
0.9817
0.9817
0.9817
0.9816
0.9816
0.9817
0.9817
0.9817
0.9817
0.9817
0.9817
0.9873
0.9804
0.9807
0.9817
0.9817
0.9818
0.9820
0.9821
0.9818
0.9817
0.9817
0.9818
0.9816
0.9818
0.9818
0.9816
0.9817
0.9818
0.9817
0.9817
0.9817
0.9817
0.9817
0.9817
0.9817
0.9817
0.9817
0.9817
0.9817
0.9816
0.9816
0.9816
0.9817
0.9817
0.9818
0.9817
0.9816
0.9816
0.9816
0.9816
0.9816
0.9817
0.9817
0.9817
0.9817
0.9817
0.9817
0.9842
0.9812
0.9818
0.9826
0.9821
0.9821
0.9822
0.9822
0.9823
0.9822
0.9820
0.9821
0.9819
0.9821
0.9820
0.9819
0.9819
0.9820
0.9818
0.9818
0.9818
0.9818
0.9818
0.9818
0.9819
0.9819
0.9819
0.9819
0.9819
0.9819
0.9820
0.9820
0.9820
0.9821
0.9821
0.9820
0.9820
0.9820
0.9819
0.9819
0.9819
0.9820
0.9819
0.9820
0.9820
0.9820
0.9820
0.9856
0.9808
0.9813
0.9821
0.9820
0.9822
0.9823
0.9823
0.9821
0.9821
0.9817
0.9818
0.9816
0.9817
0.9818
0.9817
0.9817
0.9818
0.9818
0.9818
0.9817
0.9817
0.9817
0.9817
0.9818
0.9818
0.9817
0.9817
0.9818
0.9818
0.9818
0.9819
0.9819
0.9820
0.9820
0.9819
0.9819
0.9819
0.9819
0.9819
0.9819
0.9819
0.9820
0.9820
0.9819
0.9819
0.9819
0.9853
0.9808
0.9819
0.9821
0.9816
0.9817
0.9820
0.9821
0.9820
0.9821
0.9821
0.9821
0.9818
0.9820
0.9820
0.9819
0.9818
0.9820
0.9819
0.9819
0.9820
0.9819
0.9819
0.9819
0.9820
0.9818
0.9818
0.9818
0.9818
0.9818
0.9818
0.9819
0.9819
0.9820
0.9820
0.9819
0.9819
0.9818
0.9819
0.9819
0.9819
0.9820
0.9820
0.9820
0.9820
0.9820
0.9820
0.9891
0.9796
0.9810
0.9815
0.9814
0.9816
0.9820
0.9820
0.9821
0.9822
0.9821
0.9822
0.9821
0.9823
0.9822
0.9822
0.9822
0.9822
0.9821
0.9821
0.9821
0.9821
0.9821
0.9821
0.9822
0.9821
0.9821
0.9820
0.9821
0.9821
0.9821
0.9821
0.9821
0.9822
0.9822
0.9821
0.9821
0.9820
0.9819
0.9820
0.9820
0.9820
0.9820
0.9820
0.9820
0.9820
0.9820
0.9801
0.9811
0.9820
0.9823
0.9819
0.9820
0.9822
0.9824
0.9823
0.9825
0.9824
0.9824
0.9822
0.9824
0.9824
0.9823
0.9823
0.9823
0.9822
0.9822
0.9823
0.9823
0.9822
0.9821
0.9822
0.9821
0.9821
0.9821
0.9821
0.9821
0.9821
0.9821
0.9821
0.9822
0.9822
0.9822
0.9821
0.9821
0.9821
0.9821
0.9821
0.9822
0.9822
0.9822
0.9821
0.9821
0.9821
0.9887
0.9802
0.9815
0.9816
0.9816
0.9816
0.9818
0.9820
0.9820
0.9822
0.9820
0.9820
0.9818
0.9820
0.9820
0.9818
0.9819
0.9820
0.9819
0.9819
0.9820
0.9820
0.9820
0.9820
0.9821
0.9821
0.9821
0.9820
0.9821
0.9820
0.9821
0.9821
0.9821
0.9822
0.9822
0.9821
0.9821
0.9820
0.9820
0.9820
0.9820
0.9820
0.9821
0.9820
0.9820
0.9820
0.9820
0.9827
0.9816
0.9826
0.9823
0.9821
0.9821
0.9823
0.9823
0.9822
0.9819
0.9818
0.9818
0.9816
0.9818
0.9818
0.9818
0.9819
0.9819
0.9820
0.9820
0.9821
0.9821
0.9821
0.9821
0.9821
0.9820
0.9820
0.9821
0.9821
0.9821
0.9821
0.9822
0.9822
0.9822
0.9823
0.9822
0.9822
0.9822
0.9822
0.9822
0.9822
0.9823
0.9823
0.9823
0.9823
0.9823
0.9823
0.9904
0.9818
0.9819
0.9820
0.9816
0.9819
0.9820
0.9823
0.9822
0.9823
0.9823
0.9823
0.9822
0.9824
0.9824
0.9823
0.9823
0.9824
0.9824
0.9824
0.9824
0.9823
0.9823
0.9823
0.9823
0.9822
0.9822
0.9823
0.9823
0.9822
0.9823
0.9823
0.9823
0.9824
0.9825
0.9824
0.9824
0.9823
0.9823
0.9823
0.9823
0.9823
0.9823
0.9823
0.9823
0.9823
0.9823
0.9743
0.9808
0.9815
0.9817
0.9817
0.9816
0.9818
0.9821
0.9820
0.9821
0.9820
0.9820
0.9819
0.9821
0.9822
0.9822
0.9822
0.9822
0.9821
0.9821
0.9822
0.9821
0.9821
0.9821
0.9821
0.9821
0.9821
0.9821
0.9822
0.9821
0.9821
0.9822
0.9822
0.9823
0.9823
0.9823
0.9823
0.9822
0.9822
0.9822
0.9822
0.9823
0.9823
0.9822
0.9822
0.9823
0.9823
0.9826
0.9811
0.9817
0.9818
0.9817
0.9819
0.9821
0.9823
0.9822
0.9823
0.9822
0.9822
0.9821
0.9823
0.9823
0.9822
0.9822
0.9823
0.9822
0.9822
0.9823
0.9823
0.9823
0.9823
0.9824
0.9823
0.9823
0.9823
0.9824
0.9823
0.9824
0.9823
0.9824
0.9824
0.9825
0.9824
0.9824
0.9824
0.9824
0.9823
0.9824
0.9824
0.9824
0.9824
0.9824
0.9824
0.9824
0.9880
0.9823
0.9822
0.9819
0.9817
0.9817
0.9819
0.9822
0.9820
0.9821
0.9821
0.9821
0.9818
0.9820
0.9819
0.9819
0.9819
0.9820
0.9819
0.9819
0.9820
0.9820
0.9821
0.9821
0.9822
0.9821
0.9821
0.9821
0.9822
0.9821
0.9822
0.9822
0.9822
0.9823
0.9823
0.9822
0.9822
0.9821
0.9821
0.9821
0.9821
0.9822
0.9822
0.9822
0.9822
0.9821
0.9822
0.9680
0.9819
0.9820
0.9815
0.9817
0.9816
0.9820
0.9822
0.9822
0.9824
0.9824
0.9824
0.9823
0.9824
0.9825
0.9825
0.9825
0.9826
0.9824
0.9824
0.9824
0.9824
0.9824
0.9824
0.9825
0.9824
0.9824
0.9824
0.9824
0.9824
0.9824
0.9824
0.9824
0.9825
0.9825
0.9824
0.9824
0.9824
0.9824
0.9824
0.9824
0.9825
0.9825
0.9825
0.9825
0.9825
0.9825
0.9879
0.9814
0.9817
0.9818
0.9821
0.9819
0.9821
0.9824
0.9824
0.9825
0.9825
0.9825
0.9824
0.9824
0.9825
0.9825
0.9825
0.9826
0.9825
0.9825
0.9826
0.9825
0.9825
0.9825
0.9826
0.9826
0.9825
0.9825
0.9825
0.9824
0.9825
0.9825
0.9825
0.9826
0.9826
0.9825
0.9825
0.9825
0.9825
0.9825
0.9825
0.9825
0.9825
0.9825
0.9825
0.9825
0.9825
0.9569
0.9814
0.9821
0.9820
0.9821
0.9821
0.9822
0.9824
0.9824
0.9825
0.9825
0.9825
0.9824
0.9825
0.9825
0.9825
0.9826
0.9826
0.9826
0.9825
0.9826
0.9825
0.9825
0.9825
0.9825
0.9824
0.9824
0.9824
0.9825
0.9824
0.9825
0.9825
0.9825
0.9825
0.9825
0.9825
0.9824
0.9824
0.9824
0.9824
0.9824
0.9825
0.9825
0.9825
0.9824
0.9825
0.9825
0.9861
0.9826
0.9826
0.9824
0.9823
0.9818
0.9819
0.9822
0.9822
0.9823
0.9823
0.9824
0.9822
0.9824
0.9824
0.9824
0.9824
0.9825
0.9825
0.9825
0.9825
0.9825
0.9825
0.9825
0.9826
0.9825
0.9825
0.9825
0.9825
0.9825
0.9825
0.9825
0.9825
0.9826
0.9826
0.9826
0.9825
0.9825
0.9825
0.9824
0.9825
0.9825
0.9825
0.9825
0.9825
0.9825
0.9825
0.9812
0.9819
0.9817
0.9820
0.9822
0.9821
0.9822
0.9825
0.9825
0.9826
0.9825
0.9826
0.9824
0.9826
0.9826
0.9826
0.9827
0.9827
0.9827
0.9827
0.9828
0.9827
0.9827
0.9827
0.9828
0.9827
0.9827
0.9827
0.9827
0.9827
0.9827
0.9827
0.9828
0.9828
0.9828
0.9828
0.9827
0.9827
0.9827
0.9826
0.9826
0.9826
0.9827
0.9827
0.9826
0.9826
0.9827
0.9829
0.9815
0.9822
0.9823
0.9821
0.9820
0.9821
0.9823
0.9823
0.9825
0.9823
0.9824
0.9822
0.9824
0.9824
0.9824
0.9824
0.9824
0.9824
0.9824
0.9825
0.9825
0.9825
0.9824
0.9825
0.9825
0.9825
0.9825
0.9825
0.9825
0.9825
0.9825
0.9826
0.9826
0.9826
0.9825
0.9825
0.9825
0.9825
0.9825
0.9825
0.9826
0.9826
0.9826
0.9826
0.9826
0.9826
0.9782
0.9809
0.9814
0.9814
0.9819
0.9815
0.9819
0.9821
0.9821
0.9822
0.9822
0.9823
0.9823
0.9824
0.9825
0.9825
0.9825
0.9825
0.9825
0.9825
0.9824
0.9825
0.9825
0.9825
0.9825
0.9825
0.9824
0.9825
0.9825
0.9824
0.9825
0.9825
0.9825
0.9826
0.9826
0.9826
0.9825
0.9825
0.9825
0.9824
0.9825
0.9825
0.9825
0.9825
0.9825
0.9825
0.9825
0.9864
0.9815
0.9820
0.9823
0.9824
0.9822
0.9824
0.9826
0.9826
0.9828
0.9827
0.9828
0.9828
0.9829
0.9829
0.9828
0.9828
0.9829
0.9829
0.9828
0.9829
0.9829
0.9829
0.9828
0.9829
0.9829
0.9828
0.9828
0.9828
0.9828
0.9828
0.9828
0.9828
0.9829
0.9829
0.9829
0.9828
0.9827
0.9827
0.9827
0.9827
0.9828
0.9828
0.9828
0.9828
0.9828
0.9828
0.9868
0.9819
0.9822
0.9818
0.9819
0.9819
0.9822
0.9824
0.9824
0.9825
0.9824
0.9825
0.9825
0.9826
0.9827
0.9827
0.9827
0.9827
0.9827
0.9826
0.9826
0.9826
0.9826
0.9827
0.9827
0.9827
0.9826
0.9826
0.9827
0.9826
0.9827
0.9827
0.9827
0.9828
0.9828
0.9828
0.9828
0.9827
0.9827
0.9827
0.9827
0.9828
0.9828
0.9828
0.9828
0.9828
0.9828
0.9883
0.9812
0.9819
0.9822
0.9825
0.9826
0.9828
0.9829
0.9828
0.9829
0.9829
0.9829
0.9828
0.9829
0.9829
0.9828
0.9828
0.9829
0.9829
0.9828
0.9828
0.9828
0.9828
0.9828
0.9829
0.9829
0.9828
0.9828
0.9829
0.9828
0.9829
0.9829
0.9829
0.9829
0.9829
0.9829
0.9829
0.9829
0.9829
0.9829
0.9829
0.9829
0.9830
0.9829
0.9829
0.9829
0.9829
0.9780
0.9814
0.9826
0.9822
0.9824
0.9824
0.9826
0.9826
0.9826
0.9828
0.9827
0.9828
0.9826
0.9827
0.9827
0.9827
0.9826
0.9826
0.9826
0.9826
0.9827
0.9827
0.9826
0.9826
0.9827
0.9826
0.9826
0.9826
0.9826
0.9826
0.9826
0.9826
0.9826
0.9826
0.9827
0.9827
0.9827
0.9826
0.9826
0.9826
0.9826
0.9826
0.9826
0.9826
0.9826
0.9826
0.9826
0.9800
0.9828
0.9832
0.9828
0.9831
0.9831
0.9833
0.9832
0.9831
0.9831
0.9829
0.9829
0.9828
0.9828
0.9827
0.9827
0.9826
0.9827
0.9826
0.9826
0.9826
0.9826
0.9825
0.9825
0.9826
0.9827
0.9826
0.9826
0.9826
0.9826
0.9827
0.9827
0.9827
0.9828
0.9828
0.9828
0.9828
0.9827
0.9827
0.9827
0.9827
0.9827
0.9827
0.9827
0.9827
0.9827
0.9827
0.9760
0.9810
0.9817
0.9817
0.9819
0.9817
0.9820
0.9823
0.9824
0.9824
0.9823
0.9824
0.9823
0.9824
0.9825
0.9826
0.9826
0.9827
0.9828
0.9827
0.9828
0.9828
0.9828
0.9828
0.9828
0.9829
0.9828
0.9829
0.9829
0.9829
0.9829
0.9829
0.9829
0.9830
0.9830
0.9830
0.9830
0.9829
0.9829
0.9829
0.9829
0.9830
0.9830
0.9830
0.9830
0.9829
0.9829
0.9884
0.9814
0.9822
0.9822
0.9825
0.9822
0.9826
0.9826
0.9825
0.9824
0.9823
0.9823
0.9823
0.9824
0.9825
0.9825
0.9824
0.9825
0.9825
0.9825
0.9825
0.9825
0.9825
0.9824
0.9825
0.9826
0.9826
0.9826
0.9826
0.9826
0.9826
0.9827
0.9827
0.9827
0.9827
0.9827
0.9827
0.9826
0.9826
0.9826
0.9827
0.9827
0.9827
0.9827
0.9827
0.9827
0.9827
0.9840
0.9826
0.9828
0.9825
0.9825
0.9823
0.9825
0.9826
0.9825
0.9827
0.9826
0.9826
0.9825
0.9826
0.9827
0.9826
0.9826
0.9827
0.9827
0.9827
0.9827
0.9827
0.9827
0.9826
0.9827
0.9827
0.9827
0.9827
0.9828
0.9828
0.9828
0.9828
0.9828
0.9829
0.9828
0.9828
0.9828
0.9828
0.9828
0.9828
0.9828
0.9829
0.9829
0.9829
0.9829
0.9829
0.9829
0.9860
0.9829
0.9829
0.9827
0.9829
0.9828
0.9829
0.9830
0.9830
0.9831
0.9829
0.9828
0.9827
0.9827
0.9827
0.9828
0.9828
0.9829
0.9829
0.9829
0.9829
0.9829
0.9829
0.9828
0.9829
0.9829
0.9829
0.9828
0.9829
0.9829
0.9829
0.9829
0.9830
0.9830
0.9831
0.9831
0.9830
0.9830
0.9830
0.9829
0.9829
0.9830
0.9830
0.9830
0.9830
0.9829
0.9829
0.9759
0.9810
0.9818
0.9818
0.9823
0.9823
0.9825
0.9826
0.9825
0.9826
0.9826
0.9826
0.9826
0.9827
0.9828
0.9827
0.9827
0.9828
0.9828
0.9829
0.9828
0.9828
0.9828
0.9829
0.9829
0.9829
0.9828
0.9828
0.9829
0.9828
0.9829
0.9829
0.9829
0.9830
0.9830
0.9830
0.9830
0.9830
0.9830
0.9829
0.9830
0.9830
0.9831
0.9830
0.9831
0.9830
0.9830
0.9860
0.9821
0.9822
0.9820
0.9824
0.9825
0.9828
0.9827
0.9828
0.9831
0.9830
0.9829
0.9829
0.9829
0.9829
0.9829
0.9829
0.9830
0.9830
0.9830
0.9830
0.9830
0.9830
0.9829
0.9830
0.9830
0.9830
0.9830
0.9830
0.9830
0.9830
0.9831
0.9830
0.9831
0.9832
0.9831
0.9831
0.9831
0.9831
0.9831
0.9831
0.9831
0.9831
0.9831
0.9831
0.9831
0.9831
0.9859
0.9827
0.9823
0.9822
0.9825
0.9822
0.9826
0.9826
0.9827
0.9828
0.9829
0.9828
0.9827
0.9828
0.9828
0.9828
0.9829
0.9829
0.9830
0.9830
0.9830
0.9830
0.9830
0.9829
0.9830
0.9830
0.9829
0.9829
0.9830
0.9830
0.9830
0.9830
0.9831
0.9831
0.9831
0.9831
0.9831
0.9830
0.9830
0.9830
0.9830
0.9831
0.9831
0.9831
0.9831
0.9831
0.9831
0.9819
0.9830
0.9825
0.9821
0.9824
0.9822
0.9827
0.9827
0.9828
0.9829
0.9829
0.9829
0.9829
0.9829
0.9829
0.9829
0.9829
0.9829
0.9829
0.9829
0.9829
0.9829
0.9829
0.9829
0.9829
0.9829
0.9829
0.9829
0.9830
0.9829
0.9829
0.9829
0.9829
0.9830
0.9830
0.9830
0.9830
0.9829
0.9829
0.9829
0.9829
0.9829
0.9829
0.9829
0.9829
0.9829
0.9829
0.9891
0.9824
0.9826
0.9825
0.9827
0.9829
0.9832
0.9832
0.9832
0.9832
0.9831
0.9830
0.9830
0.9829
0.9829
0.9829
0.9829
0.9829
0.9830
0.9829
0.9830
0.9830
0.9829
0.9829
0.9830
0.9828
0.9827
0.9828
0.9828
0.9828
0.9828
0.9829
0.9829
0.9830
0.9830
0.9830
0.9830
0.9830
0.9830
0.9830
0.9830
0.9830
0.9831
0.9831
0.9831
0.9830
0.9831
0.9831
0.9822
0.9827
0.9829
0.9830
0.9830
0.9833
0.9833
0.9831
0.9833
0.9833
0.9832
0.9832
0.9831
0.9832
0.9832
0.9832
0.9832
0.9832
0.9832
0.9832
0.9832
0.9832
0.9832
0.9833
0.9832
0.9832
0.9832
0.9832
0.9832
0.9832
0.9832
0.9832
0.9832
0.9833
0.9833
0.9832
0.9832
0.9832
0.9832
0.9832
0.9832
0.9832
0.9831
0.9832
0.9831
0.9831
0.9898
0.9824
0.9827
0.9827
0.9829
0.9829
0.9830
0.9830
0.9831
0.9831
0.9831
0.9831
0.9831
0.9831
0.9832
0.9833
0.9832
0.9833
0.9833
0.9833
0.9833
0.9833
0.9833
0.9833
0.9833
0.9833
0.9833
0.9833
0.9833
0.9833
0.9833
0.9833
0.9833
0.9834
0.9834
0.9833
0.9833
0.9832
0.9832
0.9832
0.9832
0.9833
0.9833
0.9833
0.9833
0.9832
0.9832
0.9830
0.9831
0.9830
0.9828
0.9829
0.9826
0.9830
0.9829
0.9830
0.9831
0.9831
0.9832
0.9832
0.9832
0.9832
0.9832
0.9832
0.9833
0.9832
0.9831
0.9831
0.9832
0.9832
0.9831
0.9832
0.9832
0.9832
0.9832
0.9832
0.9832
0.9832
0.9832
0.9832
0.9833
0.9833
0.9833
0.9833
0.9832
0.9832
0.9832
0.9832
0.9832
0.9833
0.9832
0.9832
0.9832
0.9832
0.9762
0.9831
0.9829
0.9828
0.9829
0.9829
0.9832
0.9832
0.9833
0.9834
0.9834
0.9834
0.9833
0.9833
0.9834
0.9834
0.9833
0.9834
0.9834
0.9833
0.9833
0.9834
0.9833
0.9832
0.9833
0.9832
0.9832
0.9832
0.9832
0.9832
0.9832
0.9832
0.9832
0.9832
0.9833
0.9832
0.9832
0.9831
0.9831
0.9831
0.9832
0.9832
0.9832
0.9832
0.9832
0.9832
0.9832
0.9897
0.9828
0.9826
0.9826
0.9826
0.9826
0.9829
0.9829
0.9830
0.9831
0.9831
0.9832
0.9832
0.9832
0.9833
0.9832
0.9831
0.9832
0.9833
0.9832
0.9833
0.9833
0.9833
0.9833
0.9833
0.9833
0.9833
0.9833
0.9833
0.9833
0.9833
0.9833
0.9833
0.9833
0.9833
0.9833
0.9833
0.9832
0.9833
0.9833
0.9833
0.9833
0.9834
0.9833
0.9833
0.9833
0.9833
0.9882
0.9823
0.9823
0.9821
0.9825
0.9825
0.9831
0.9831
0.9832
0.9831
0.9831
0.9831
0.9832
0.9831
0.9833
0.9833
0.9833
0.9834
0.9834
0.9833
0.9833
0.9833
0.9833
0.9833
0.9833
0.9833
0.9832
0.9832
0.9832
0.9832
0.9832
0.9832
0.9833
0.9833
0.9833
0.9833
0.9833
0.9832
0.9832
0.9832
0.9833
0.9833
0.9833
0.9833
0.9833
0.9833
0.9833
0.9772
0.9827
0.9824
0.9825
0.9828
0.9829
0.9832
0.9831
0.9830
0.9830
0.9830
0.9829
0.9830
0.9830
0.9831
0.9832
0.9832
0.9833
0.9833
0.9833
0.9833
0.9834
0.9833
0.9833
0.9834
0.9834
0.9834
0.9833
0.9833
0.9833
0.9833
0.9833
0.9834
0.9834
0.9834
0.9834
0.9833
0.9833
0.9833
0.9833
0.9833
0.9834
0.9834
0.9834
0.9834
0.9834
0.9834
0.9888
0.9839
0.9834
0.9834
0.9835
0.9833
0.9835
0.9833
0.9835
0.9833
0.9832
0.9833
0.9833
0.9833
0.9834
0.9834
0.9833
0.9833
0.9833
0.9833
0.9833
0.9834
0.9833
0.9833
0.9834
0.9834
0.9834
0.9834
0.9834
0.9834
0.9834
0.9834
0.9834
0.9834
0.9835
0.9834
0.9834
0.9833
0.9833
0.9833
0.9833
0.9833
0.9833
0.9833
0.9833
0.9833
0.9833
0.9786
0.9823
0.9827
0.9831
0.9834
0.9833
0.9835
0.9835
0.9835
0.9835
0.9836
0.9835
0.9835
0.9835
0.9836
0.9836
0.9836
0.9836
0.9837
0.9837
0.9837
0.9837
0.9837
0.9837
0.9837
0.9837
0.9837
0.9837
0.9837
0.9836
0.9836
0.9836
0.9837
0.9837
0.9837
0.9837
0.9836
0.9836
0.9836
0.9835
0.9836
0.9836
0.9836
0.9836
0.9836
0.9836
0.9836
0.9872
0.9836
0.9824
0.9825
0.9829
0.9827
0.9830
0.9830
0.9831
0.9831
0.9832
0.9831
0.9830
0.9830
0.9832
0.9832
0.9831
0.9832
0.9832
0.9832
0.9832
0.9832
0.9832
0.9831
0.9832
0.9832
0.9832
0.9832
0.9832
0.9832
0.9832
0.9832
0.9832
0.9833
0.9833
0.9833
0.9833
0.9833
0.9832
0.9832
0.9833
0.9833
0.9833
0.9833
0.9833
0.9833
0.9833
0.9900
0.9842
0.9833
0.9829
0.9831
0.9829
0.9832
0.9831
0.9831
0.9831
0.9832
0.9832
0.9832
0.9831
0.9833
0.9833
0.9833
0.9833
0.9834
0.9834
0.9834
0.9834
0.9834
0.9833
0.9833
0.9834
0.9834
0.9833
0.9833
0.9833
0.9833
0.9833
0.9833
0.9834
0.9834
0.9834
0.9834
0.9833
0.9834
0.9834
0.9834
0.9834
0.9834
0.9834
0.9834
0.9834
0.9834
0.9714
0.9842
0.9830
0.9827
0.9831
0.9829
0.9830
0.9831
0.9832
0.9832
0.9832
0.9832
0.9832
0.9832
0.9833
0.9833
0.9832
0.9832
0.9833
0.9831
0.9832
0.9833
0.9832
0.9832
0.9833
0.9833
0.9833
0.9833
0.9833
0.9833
0.9833
0.9833
0.9833
0.9833
0.9834
0.9834
0.9834
0.9833
0.9833
0.9833
0.9834
0.9834
0.9834
0.9834
0.9834
0.9834
0.9834
0.9913
0.9825
0.9822
0.9824
0.9830
0.9829
0.9829
0.9829
0.9830
0.9831
0.9832
0.9832
0.9833
0.9833
0.9834
0.9834
0.9833
0.9833
0.9834
0.9833
0.9834
0.9834
0.9833
0.9833
0.9833
0.9833
0.9833
0.9833
0.9833
0.9833
0.9833
0.9833
0.9834
0.9834
0.9834
0.9835
0.9834
0.9834
0.9834
0.9833
0.9833
0.9834
0.9834
0.9834
0.9834
0.9834
0.9834
0.9872
0.9838
0.9832
0.9831
0.9836
0.9833
0.9833
0.9834
0.9835
0.9835
0.9835
0.9834
0.9834
0.9833
0.9835
0.9834
0.9834
0.9834
0.9835
0.9834
0.9835
0.9835
0.9835
0.9835
0.9835
0.9835
0.9835
0.9835
0.9835
0.9835
0.9835
0.9835
0.9835
0.9834
0.9835
0.9835
0.9835
0.9835
0.9834
0.9835
0.9835
0.9835
0.9836
0.9836
0.9836
0.9836
0.9836
0.9921
0.9845
0.9837
0.9834
0.9835
0.9833
0.9834
0.9835
0.9836
0.9837
0.9837
0.9836
0.9836
0.9835
0.9836
0.9836
0.9835
0.9836
0.9836
0.9835
0.9835
0.9835
0.9835
0.9834
0.9835
0.9835
0.9835
0.9835
0.9833
0.9834
0.9833
0.9833
0.9833
0.9833
0.9834
0.9834
0.9834
0.9833
0.9833
0.9833
0.9833
0.9833
0.9833
0.9833
0.9834
0.9833
0.9833
0.9850
0.9840
0.9832
0.9829
0.9834
0.9834
0.9835
0.9835
0.9837
0.9837
0.9836
0.9836
0.9837
0.9836
0.9837
0.9837
0.9836
0.9837
0.9837
0.9837
0.9837
0.9837
0.9837
0.9836
0.9837
0.9837
0.9837
0.9837
0.9837
0.9837
0.9837
0.9837
0.9837
0.9837
0.9838
0.9838
0.9837
0.9837
0.9837
0.9837
0.9837
0.9837
0.9838
0.9837
0.9837
0.9837
0.9837
0.9855
0.9847
0.9831
0.9828
0.9831
0.9830
0.9831
0.9832
0.9833
0.9832
0.9833
0.9832
0.9833
0.9832
0.9833
0.9834
0.9833
0.9833
0.9835
0.9834
0.9835
0.9835
0.9836
0.9835
0.9835
0.9835
0.9835
0.9835
0.9836
0.9836
0.9835
0.9836
0.9836
0.9836
0.9837
0.9837
0.9836
0.9836
0.9836
0.9836
0.9836
0.9837
0.9837
0.9837
0.9837
0.9837
0.9837
