0.7849
0.4027
0.3486
0.3262
0.3108
0.2950
0.2810
0.2726
0.2666
0.2631
0.2565
0.2536
0.2491
0.2461
0.2439
0.2413
0.2377
0.2370
0.2344
0.2321
0.2302
0.2278
0.2253
0.2233
0.2209
0.2192
0.2171
0.2149
0.2135
0.2113
0.2096
0.2078
0.2058
0.2042
0.2031
0.2021
0.2004
0.1991
0.1976
0.1962
0.1951
0.1937
0.1925
0.1912
0.1897
0.1892
0.1881
0.1192
0.1264
0.1281
0.1329
0.1325
0.1302
0.1267
0.1266
0.1261
0.1257
0.1244
0.1247
0.1233
0.1223
0.1228
0.1223
0.1216
0.1221
0.1211
0.1203
0.1203
0.1199
0.1191
0.1188
0.1182
0.1175
0.1170
0.1164
0.1161
0.1157
0.1155
0.1150
0.1143
0.1140
0.1139
0.1141
0.1138
0.1133
0.1130
0.1124
0.1121
0.1117
0.1116
0.1113
0.1109
0.1106
0.1103
0.0942
0.0898
0.0881
0.0952
0.0960
0.0949
0.0930
0.0929
0.0925
0.0941
0.0936
0.0946
0.0939
0.0934
0.0942
0.0940
0.0936
0.0941
0.0939
0.0935
0.0934
0.0934
0.0930
0.0949
0.0958
0.0957
0.0956
0.0954
0.0954
0.0951
0.0946
0.0944
0.0940
0.0939
0.0940
0.0942
0.0942
0.0939
0.0939
0.0937
0.0935
0.0931
0.0930
0.0929
0.0927
0.0928
0.0927
0.0666
0.0798
0.0812
0.0857
0.0860
0.0852
0.0844
0.0849
0.0844
0.0844
0.0846
0.0854
0.0844
0.0842
0.0853
0.0852
0.0846
0.0851
0.0850
0.0846
0.0849
0.0851
0.0846
0.0847
0.0847
0.0844
0.0842
0.0840
0.0843
0.0840
0.0838
0.0835
0.0830
0.0830
0.0832
0.0835
0.0837
0.0835
0.0836
0.0833
0.0833
0.0831
0.0833
0.0832
0.0830
0.0830
0.0829
0.0731
0.0777
0.0769
0.0800
0.0812
0.0800
0.0788
0.0794
0.0789
0.0792
0.0789
0.0797
0.0789
0.0787
0.0791
0.0790
0.0785
0.0792
0.0794
0.0789
0.0793
0.0794
0.0792
0.0791
0.0793
0.0790
0.0789
0.0788
0.0791
0.0788
0.0786
0.0784
0.0780
0.0780
0.0782
0.0785
0.0786
0.0784
0.0784
0.0783
0.0782
0.0780
0.0781
0.0780
0.0779
0.0780
0.0779
0.1070
0.0703
0.0677
0.0713
0.0723
0.0721
0.0715
0.0733
0.0740
0.0747
0.0746
0.0757
0.0749
0.0746
0.0751
0.0748
0.0747
0.0754
0.0758
0.0754
0.0755
0.0754
0.0751
0.0751
0.0756
0.0755
0.0754
0.0751
0.0753
0.0750
0.0748
0.0745
0.0742
0.0741
0.0743
0.0747
0.0748
0.0747
0.0747
0.0745
0.0744
0.0742
0.0743
0.0743
0.0742
0.0742
0.0743
0.1154
0.0661
0.0674
0.0696
0.0700
0.0717
0.0705
0.0718
0.0714
0.0727
0.0724
0.0731
0.0724
0.0724
0.0727
0.0726
0.0723
0.0729
0.0731
0.0726
0.0728
0.0728
0.0727
0.0727
0.0731
0.0729
0.0727
0.0725
0.0729
0.0727
0.0726
0.0724
0.0722
0.0719
0.0721
0.0723
0.0724
0.0722
0.0722
0.0720
0.0719
0.0719
0.0721
0.0721
0.0720
0.0721
0.0720
0.0937
0.0661
0.0687
0.0697
0.0704
0.0697
0.0689
0.0693
0.0695
0.0705
0.0702
0.0711
0.0705
0.0701
0.0708
0.0706
0.0702
0.0705
0.0704
0.0699
0.0700
0.0701
0.0701
0.0703
0.0710
0.0708
0.0708
0.0705
0.0709
0.0707
0.0704
0.0704
0.0702
0.0701
0.0704
0.0706
0.0708
0.0707
0.0706
0.0704
0.0702
0.0701
0.0701
0.0701
0.0700
0.0699
0.0699
0.2777
0.0673
0.0678
0.0699
0.0695
0.0691
0.0679
0.0677
0.0672
0.0675
0.0674
0.0685
0.0680
0.0678
0.0683
0.0681
0.0677
0.0683
0.0685
0.0681
0.0685
0.0685
0.0685
0.0686
0.0689
0.0689
0.0687
0.0685
0.0686
0.0682
0.0682
0.0682
0.0681
0.0679
0.0681
0.0682
0.0684
0.0684
0.0684
0.0682
0.0681
0.0680
0.0680
0.0680
0.0679
0.0678
0.0678
0.0427
0.0699
0.0702
0.0704
0.0714
0.0699
0.0686
0.0693
0.0687
0.0688
0.0687
0.0694
0.0688
0.0683
0.0689
0.0689
0.0685
0.0688
0.0687
0.0683
0.0683
0.0681
0.0681
0.0680
0.0682
0.0682
0.0682
0.0678
0.0681
0.0678
0.0676
0.0674
0.0673
0.0670
0.0673
0.0674
0.0676
0.0675
0.0675
0.0673
0.0672
0.0671
0.0672
0.0672
0.0672
0.0671
0.0671
0.0810
0.0643
0.0664
0.0684
0.0687
0.0680
0.0663
0.0660
0.0660
0.0661
0.0662
0.0670
0.0662
0.0659
0.0661
0.0659
0.0655
0.0660
0.0662
0.0659
0.0659
0.0657
0.0657
0.0653
0.0659
0.0658
0.0658
0.0656
0.0659
0.0657
0.0656
0.0654
0.0652
0.0652
0.0653
0.0655
0.0656
0.0656
0.0656
0.0654
0.0655
0.0653
0.0655
0.0655
0.0655
0.0655
0.0655
0.0529
0.0707
0.0682
0.0680
0.0679
0.0677
0.0661
0.0660
0.0659
0.0665
0.0663
0.0669
0.0662
0.0658
0.0661
0.0660
0.0656
0.0657
0.0658
0.0654
0.0655
0.0654
0.0654
0.0650
0.0656
0.0655
0.0654
0.0651
0.0653
0.0650
0.0649
0.0648
0.0646
0.0644
0.0646
0.0648
0.0651
0.0651
0.0652
0.0651
0.0650
0.0650
0.0649
0.0649
0.0648
0.0647
0.0648
0.0575
0.0621
0.0631
0.0622
0.0643
0.0642
0.0631
0.0635
0.0637
0.0638
0.0636
0.0644
0.0638
0.0635
0.0637
0.0637
0.0632
0.0637
0.0640
0.0638
0.0641
0.0640
0.0640
0.0638
0.0643
0.0643
0.0643
0.0640
0.0643
0.0641
0.0640
0.0638
0.0636
0.0635
0.0637
0.0639
0.0642
0.0642
0.0642
0.0640
0.0639
0.0638
0.0638
0.0638
0.0637
0.0637
0.0638
0.0501
0.0637
0.0634
0.0627
0.0636
0.0632
0.0618
0.0625
0.0634
0.0641
0.0640
0.0648
0.0641
0.0637
0.0635
0.0635
0.0631
0.0635
0.0635
0.0633
0.0635
0.0635
0.0635
0.0632
0.0636
0.0636
0.0634
0.0632
0.0634
0.0633
0.0632
0.0631
0.0628
0.0626
0.0628
0.0629
0.0632
0.0631
0.0632
0.0629
0.0628
0.0628
0.0628
0.0628
0.0627
0.0627
0.0627
0.0537
0.0620
0.0612
0.0595
0.0619
0.0621
0.0617
0.0613
0.0616
0.0615
0.0615
0.0621
0.0620
0.0617
0.0619
0.0623
0.0620
0.0622
0.0624
0.0621
0.0622
0.0620
0.0621
0.0617
0.0621
0.0621
0.0621
0.0619
0.0621
0.0620
0.0619
0.0618
0.0616
0.0615
0.0616
0.0619
0.0622
0.0621
0.0622
0.0621
0.0619
0.0619
0.0620
0.0620
0.0620
0.0619
0.0619
0.0850
0.0581
0.0594
0.0596
0.0611
0.0610
0.0600
0.0597
0.0599
0.0609
0.0608
0.0614
0.0610
0.0608
0.0611
0.0613
0.0611
0.0615
0.0618
0.0616
0.0619
0.0619
0.0618
0.0615
0.0621
0.0622
0.0622
0.0621
0.0623
0.0621
0.0620
0.0618
0.0616
0.0615
0.0616
0.0618
0.0621
0.0620
0.0621
0.0619
0.0618
0.0617
0.0617
0.0617
0.0616
0.0615
0.0616
0.0477
0.0600
0.0601
0.0592
0.0604
0.0604
0.0594
0.0601
0.0608
0.0615
0.0614
0.0619
0.0613
0.0610
0.0610
0.0610
0.0607
0.0612
0.0613
0.0610
0.0611
0.0609
0.0610
0.0607
0.0611
0.0613
0.0611
0.0609
0.0611
0.0608
0.0607
0.0606
0.0603
0.0603
0.0604
0.0607
0.0609
0.0609
0.0609
0.0607
0.0607
0.0606
0.0607
0.0606
0.0606
0.0606
0.0606
0.0402
0.0606
0.0595
0.0580
0.0602
0.0603
0.0593
0.0593
0.0601
0.0605
0.0607
0.0613
0.0607
0.0606
0.0607
0.0608
0.0605
0.0604
0.0608
0.0605
0.0607
0.0606
0.0607
0.0607
0.0611
0.0611
0.0609
0.0607
0.0608
0.0605
0.0605
0.0605
0.0602
0.0602
0.0603
0.0603
0.0605
0.0604
0.0605
0.0602
0.0600
0.0601
0.0601
0.0601
0.0600
0.0600
0.0601
0.0553
0.0582
0.0593
0.0577
0.0601
0.0598
0.0590
0.0587
0.0594
0.0597
0.0597
0.0602
0.0598
0.0594
0.0595
0.0593
0.0594
0.0593
0.0597
0.0593
0.0593
0.0592
0.0593
0.0590
0.0595
0.0595
0.0595
0.0594
0.0594
0.0592
0.0591
0.0589
0.0586
0.0587
0.0587
0.0589
0.0594
0.0594
0.0596
0.0594
0.0592
0.0593
0.0594
0.0594
0.0594
0.0595
0.0596
0.0593
0.0618
0.0621
0.0604
0.0619
0.0617
0.0608
0.0602
0.0596
0.0595
0.0592
0.0596
0.0590
0.0586
0.0589
0.0589
0.0587
0.0587
0.0590
0.0588
0.0587
0.0587
0.0588
0.0585
0.0593
0.0595
0.0594
0.0594
0.0596
0.0594
0.0592
0.0591
0.0589
0.0588
0.0589
0.0591
0.0593
0.0592
0.0593
0.0591
0.0588
0.0588
0.0588
0.0588
0.0587
0.0586
0.0586
0.0520
0.0581
0.0579
0.0577
0.0592
0.0589
0.0582
0.0582
0.0577
0.0585
0.0585
0.0589
0.0586
0.0586
0.0588
0.0587
0.0586
0.0586
0.0589
0.0587
0.0586
0.0584
0.0584
0.0581
0.0585
0.0586
0.0585
0.0585
0.0587
0.0584
0.0583
0.0582
0.0580
0.0582
0.0582
0.0585
0.0586
0.0586
0.0587
0.0586
0.0584
0.0584
0.0584
0.0584
0.0584
0.0583
0.0583
0.0555
0.0615
0.0628
0.0615
0.0612
0.0600
0.0593
0.0587
0.0580
0.0583
0.0582
0.0585
0.0583
0.0578
0.0581
0.0582
0.0580
0.0583
0.0585
0.0584
0.0583
0.0582
0.0584
0.0579
0.0582
0.0583
0.0581
0.0580
0.0581
0.0579
0.0578
0.0577
0.0574
0.0574
0.0574
0.0575
0.0576
0.0576
0.0577
0.0576
0.0574
0.0573
0.0575
0.0575
0.0575
0.0574
0.0575
0.0417
0.0554
0.0562
0.0563
0.0570
0.0569
0.0567
0.0569
0.0564
0.0568
0.0572
0.0574
0.0570
0.0567
0.0568
0.0567
0.0565
0.0568
0.0570
0.0568
0.0567
0.0569
0.0570
0.0567
0.0569
0.0568
0.0568
0.0567
0.0571
0.0571
0.0569
0.0569
0.0567
0.0567
0.0567
0.0570
0.0574
0.0574
0.0575
0.0575
0.0573
0.0572
0.0574
0.0573
0.0573
0.0572
0.0573
0.0434
0.0559
0.0572
0.0568
0.0576
0.0572
0.0570
0.0569
0.0563
0.0571
0.0573
0.0573
0.0571
0.0568
0.0568
0.0568
0.0567
0.0567
0.0567
0.0565
0.0565
0.0570
0.0571
0.0568
0.0577
0.0580
0.0580
0.0578
0.0579
0.0577
0.0576
0.0576
0.0574
0.0573
0.0572
0.0574
0.0577
0.0576
0.0576
0.0575
0.0573
0.0572
0.0573
0.0572
0.0572
0.0571
0.0571
0.0506
0.0540
0.0558
0.0551
0.0563
0.0557
0.0556
0.0557
0.0552
0.0553
0.0555
0.0557
0.0556
0.0556
0.0554
0.0552
0.0551
0.0554
0.0557
0.0559
0.0559
0.0559
0.0560
0.0557
0.0559
0.0561
0.0560
0.0558
0.0560
0.0559
0.0558
0.0558
0.0556
0.0556
0.0556
0.0557
0.0561
0.0561
0.0561
0.0561
0.0559
0.0559
0.0560
0.0559
0.0559
0.0559
0.0560
0.1223
0.0583
0.0607
0.0603
0.0614
0.0598
0.0590
0.0585
0.0581
0.0585
0.0583
0.0583
0.0580
0.0574
0.0571
0.0569
0.0566
0.0568
0.0568
0.0568
0.0567
0.0567
0.0567
0.0563
0.0571
0.0572
0.0571
0.0570
0.0571
0.0570
0.0570
0.0569
0.0567
0.0566
0.0565
0.0566
0.0570
0.0569
0.0569
0.0568
0.0566
0.0565
0.0566
0.0566
0.0566
0.0565
0.0565
0.0412
0.0579
0.0585
0.0564
0.0579
0.0565
0.0561
0.0561
0.0558
0.0560
0.0560
0.0560
0.0558
0.0554
0.0555
0.0558
0.0557
0.0557
0.0559
0.0559
0.0556
0.0559
0.0560
0.0558
0.0559
0.0560
0.0560
0.0559
0.0559
0.0558
0.0557
0.0557
0.0556
0.0555
0.0554
0.0555
0.0558
0.0558
0.0559
0.0558
0.0556
0.0555
0.0556
0.0556
0.0557
0.0556
0.0557
0.0352
0.0585
0.0586
0.0565
0.0581
0.0567
0.0563
0.0562
0.0559
0.0561
0.0559
0.0560
0.0558
0.0556
0.0554
0.0552
0.0550
0.0551
0.0553
0.0552
0.0551
0.0555
0.0556
0.0553
0.0555
0.0556
0.0555
0.0554
0.0555
0.0554
0.0553
0.0553
0.0550
0.0550
0.0550
0.0551
0.0555
0.0554
0.0554
0.0554
0.0552
0.0551
0.0553
0.0552
0.0553
0.0552
0.0552
0.0541
0.0553
0.0569
0.0553
0.0556
0.0547
0.0545
0.0546
0.0544
0.0547
0.0547
0.0550
0.0550
0.0548
0.0548
0.0547
0.0545
0.0545
0.0544
0.0545
0.0544
0.0544
0.0546
0.0545
0.0546
0.0548
0.0548
0.0548
0.0550
0.0549
0.0548
0.0548
0.0546
0.0546
0.0546
0.0547
0.0549
0.0548
0.0549
0.0548
0.0547
0.0546
0.0546
0.0546
0.0547
0.0546
0.0547
0.0414
0.0590
0.0579
0.0566
0.0566
0.0556
0.0551
0.0549
0.0546
0.0549
0.0551
0.0552
0.0551
0.0548
0.0549
0.0551
0.0549
0.0551
0.0553
0.0553
0.0551
0.0552
0.0553
0.0551
0.0553
0.0553
0.0553
0.0551
0.0554
0.0553
0.0552
0.0554
0.0551
0.0550
0.0550
0.0551
0.0554
0.0553
0.0553
0.0552
0.0550
0.0549
0.0549
0.0549
0.0549
0.0548
0.0549
0.1282
0.0555
0.0564
0.0546
0.0555
0.0548
0.0547
0.0548
0.0543
0.0548
0.0551
0.0551
0.0547
0.0546
0.0548
0.0547
0.0546
0.0548
0.0549
0.0548
0.0547
0.0546
0.0547
0.0545
0.0547
0.0547
0.0546
0.0545
0.0546
0.0545
0.0544
0.0544
0.0541
0.0541
0.0541
0.0542
0.0546
0.0546
0.0546
0.0546
0.0544
0.0543
0.0544
0.0544
0.0546
0.0545
0.0545
0.0431
0.0539
0.0548
0.0543
0.0551
0.0539
0.0540
0.0540
0.0542
0.0543
0.0546
0.0544
0.0542
0.0538
0.0538
0.0538
0.0538
0.0537
0.0540
0.0540
0.0538
0.0539
0.0539
0.0537
0.0538
0.0537
0.0537
0.0537
0.0539
0.0537
0.0537
0.0536
0.0534
0.0534
0.0534
0.0535
0.0538
0.0538
0.0537
0.0537
0.0535
0.0535
0.0536
0.0536
0.0538
0.0537
0.0537
0.0721
0.0597
0.0580
0.0568
0.0567
0.0553
0.0550
0.0546
0.0544
0.0547
0.0549
0.0547
0.0547
0.0541
0.0539
0.0539
0.0538
0.0538
0.0537
0.0539
0.0537
0.0537
0.0537
0.0535
0.0539
0.0539
0.0538
0.0537
0.0538
0.0537
0.0536
0.0535
0.0534
0.0532
0.0532
0.0534
0.0537
0.0538
0.0538
0.0538
0.0537
0.0536
0.0536
0.0535
0.0537
0.0536
0.0537
0.0372
0.0566
0.0554
0.0542
0.0549
0.0538
0.0539
0.0538
0.0531
0.0531
0.0533
0.0534
0.0534
0.0530
0.0529
0.0541
0.0541
0.0541
0.0540
0.0540
0.0538
0.0537
0.0538
0.0537
0.0539
0.0540
0.0539
0.0538
0.0539
0.0539
0.0538
0.0538
0.0536
0.0536
0.0536
0.0537
0.0540
0.0539
0.0540
0.0540
0.0538
0.0537
0.0538
0.0538
0.0539
0.0538
0.0537
0.0680
0.0539
0.0544
0.0540
0.0542
0.0537
0.0540
0.0538
0.0534
0.0535
0.0534
0.0532
0.0530
0.0526
0.0527
0.0530
0.0529
0.0529
0.0530
0.0529
0.0528
0.0529
0.0529
0.0527
0.0528
0.0529
0.0528
0.0528
0.0531
0.0531
0.0529
0.0529
0.0527
0.0527
0.0528
0.0529
0.0532
0.0532
0.0532
0.0531
0.0530
0.0529
0.0530
0.0530
0.0531
0.0531
0.0531
0.0857
0.0558
0.0555
0.0543
0.0549
0.0537
0.0544
0.0540
0.0538
0.0539
0.0540
0.0540
0.0540
0.0535
0.0534
0.0536
0.0533
0.0532
0.0533
0.0533
0.0531
0.0532
0.0535
0.0532
0.0533
0.0533
0.0535
0.0534
0.0534
0.0533
0.0533
0.0532
0.0530
0.0529
0.0529
0.0530
0.0532
0.0533
0.0534
0.0534
0.0533
0.0532
0.0533
0.0533
0.0534
0.0533
0.0534
0.0289
0.0544
0.0549
0.0540
0.0551
0.0539
0.0539
0.0536
0.0535
0.0534
0.0534
0.0535
0.0535
0.0532
0.0530
0.0532
0.0529
0.0529
0.0530
0.0529
0.0528
0.0528
0.0528
0.0526
0.0526
0.0526
0.0526
0.0525
0.0526
0.0526
0.0525
0.0525
0.0524
0.0523
0.0524
0.0525
0.0529
0.0529
0.0529
0.0528
0.0527
0.0527
0.0527
0.0527
0.0528
0.0527
0.0526
0.0893
0.0574
0.0553
0.0546
0.0552
0.0540
0.0543
0.0537
0.0534
0.0535
0.0532
0.0533
0.0537
0.0533
0.0531
0.0535
0.0533
0.0532
0.0533
0.0532
0.0530
0.0530
0.0530
0.0529
0.0530
0.0532
0.0532
0.0531
0.0531
0.0530
0.0529
0.0528
0.0527
0.0526
0.0526
0.0527
0.0530
0.0530
0.0530
0.0528
0.0527
0.0526
0.0527
0.0528
0.0529
0.0528
0.0528
0.0316
0.0579
0.0556
0.0540
0.0544
0.0532
0.0530
0.0528
0.0532
0.0536
0.0535
0.0534
0.0532
0.0529
0.0528
0.0527
0.0524
0.0522
0.0523
0.0523
0.0521
0.0522
0.0523
0.0520
0.0524
0.0525
0.0524
0.0523
0.0524
0.0525
0.0524
0.0524
0.0523
0.0521
0.0522
0.0522
0.0525
0.0526
0.0526
0.0527
0.0526
0.0525
0.0525
0.0525
0.0526
0.0525
0.0525
0.0386
0.0554
0.0541
0.0525
0.0530
0.0520
0.0524
0.0517
0.0521
0.0522
0.0523
0.0524
0.0523
0.0519
0.0519
0.0521
0.0520
0.0520
0.0522
0.0521
0.0521
0.0521
0.0522
0.0520
0.0522
0.0522
0.0522
0.0521
0.0522
0.0522
0.0520
0.0520
0.0519
0.0517
0.0518
0.0520
0.0522
0.0522
0.0522
0.0520
0.0520
0.0519
0.0519
0.0519
0.0520
0.0519
0.0519
0.0704
0.0547
0.0539
0.0525
0.0532
0.0522
0.0521
0.0513
0.0513
0.0516
0.0516
0.0518
0.0518
0.0514
0.0512
0.0515
0.0514
0.0513
0.0513
0.0513
0.0513
0.0513
0.0514
0.0512
0.0514
0.0514
0.0517
0.0515
0.0516
0.0517
0.0515
0.0515
0.0514
0.0513
0.0514
0.0516
0.0519
0.0519
0.0520
0.0520
0.0519
0.0518
0.0518
0.0519
0.0519
0.0519
0.0518
0.0526
0.0548
0.0527
0.0506
0.0524
0.0521
0.0523
0.0517
0.0521
0.0518
0.0520
0.0519
0.0519
0.0515
0.0514
0.0514
0.0514
0.0513
0.0515
0.0514
0.0513
0.0513
0.0514
0.0513
0.0513
0.0513
0.0514
0.0513
0.0513
0.0513
0.0512
0.0511
0.0511
0.0509
0.0509
0.0511
0.0513
0.0513
0.0514
0.0512
0.0512
0.0511
0.0512
0.0512
0.0513
0.0513
0.0512
0.0488
0.0606
0.0566
0.0541
0.0548
0.0535
0.0535
0.0527
0.0525
0.0525
0.0527
0.0525
0.0523
0.0516
0.0517
0.0523
0.0522
0.0520
0.0522
0.0521
0.0519
0.0519
0.0520
0.0518
0.0517
0.0518
0.0520
0.0520
0.0519
0.0520
0.0518
0.0517
0.0516
0.0514
0.0514
0.0516
0.0519
0.0520
0.0520
0.0519
0.0518
0.0517
0.0517
0.0516
0.0517
0.0517
0.0516
0.0610
0.0574
0.0551
0.0516
0.0531
0.0522
0.0520
0.0514
0.0512
0.0511
0.0513
0.0512
0.0513
0.0508
0.0508
0.0513
0.0513
0.0510
0.0511
0.0512
0.0511
0.0514
0.0516
0.0514
0.0515
0.0516
0.0516
0.0517
0.0517
0.0517
0.0517
0.0517
0.0516
0.0515
0.0515
0.0515
0.0518
0.0519
0.0519
0.0519
0.0518
0.0517
0.0516
0.0516
0.0517
0.0516
0.0516
0.0572
0.0579
0.0562
0.0527
0.0529
0.0525
0.0523
0.0517
0.0516
0.0516
0.0518
0.0517
0.0516
0.0511
0.0509
0.0510
0.0510
0.0509
0.0513
0.0512
0.0510
0.0510
0.0512
0.0510
0.0508
0.0509
0.0509
0.0509
0.0508
0.0508
0.0506
0.0505
0.0504
0.0503
0.0503
0.0504
0.0506
0.0505
0.0506
0.0506
0.0505
0.0505
0.0505
0.0505
0.0506
0.0507
0.0506
0.0905
0.0558
0.0541
0.0522
0.0534
0.0530
0.0530
0.0524
0.0528
0.0526
0.0526
0.0525
0.0524
0.0518
0.0516
0.0517
0.0515
0.0513
0.0514
0.0514
0.0512
0.0511
0.0512
0.0510
0.0513
0.0517
0.0518
0.0518
0.0518
0.0518
0.0516
0.0515
0.0514
0.0512
0.0512
0.0512
0.0515
0.0515
0.0516
0.0515
0.0515
0.0514
0.0514
0.0514
0.0514
0.0514
0.0514
0.0258
0.0542
0.0540
0.0514
0.0522
0.0520
0.0519
0.0514
0.0512
0.0510
0.0512
0.0509
0.0510
0.0504
0.0503
0.0504
0.0503
0.0500
0.0503
0.0504
0.0502
0.0502
0.0504
0.0502
0.0501
0.0502
0.0502
0.0504
0.0504
0.0505
0.0504
0.0504
0.0503
0.0502
0.0502
0.0503
0.0506
0.0507
0.0507
0.0506
0.0505
0.0504
0.0504
0.0504
0.0505
0.0505
0.0505
0.0427
0.0591
0.0563
0.0526
0.0544
0.0538
0.0535
0.0524
0.0522
0.0519
0.0520
0.0515
0.0518
0.0511
0.0511
0.0513
0.0512
0.0509
0.0511
0.0510
0.0509
0.0510
0.0510
0.0509
0.0508
0.0508
0.0508
0.0508
0.0507
0.0508
0.0508
0.0507
0.0506
0.0505
0.0504
0.0505
0.0507
0.0507
0.0508
0.0507
0.0506
0.0506
0.0506
0.0505
0.0506
0.0506
0.0507
0.0615
0.0563
0.0547
0.0517
0.0528
0.0528
0.0528
0.0519
0.0522
0.0516
0.0519
0.0514
0.0516
0.0510
0.0509
0.0510
0.0507
0.0504
0.0507
0.0507
0.0507
0.0506
0.0507
0.0507
0.0507
0.0509
0.0510
0.0509
0.0509
0.0509
0.0508
0.0507
0.0506
0.0505
0.0505
0.0506
0.0508
0.0508
0.0509
0.0508
0.0507
0.0507
0.0506
0.0506
0.0506
0.0506
0.0506
0.0443
0.0543
0.0536
0.0509
0.0525
0.0523
0.0523
0.0513
0.0512
0.0516
0.0517
0.0513
0.0515
0.0508
0.0510
0.0511
0.0511
0.0508
0.0511
0.0509
0.0507
0.0506
0.0508
0.0506
0.0505
0.0508
0.0507
0.0507
0.0506
0.0507
0.0506
0.0506
0.0506
0.0504
0.0504
0.0506
0.0506
0.0507
0.0507
0.0508
0.0507
0.0507
0.0506
0.0506
0.0507
0.0506
0.0506
0.0321
0.0548
0.0539
0.0511
0.0512
0.0508
0.0506
0.0502
0.0508
0.0510
0.0511
0.0507
0.0510
0.0504
0.0504
0.0506
0.0507
0.0503
0.0506
0.0507
0.0506
0.0506
0.0507
0.0507
0.0505
0.0504
0.0505
0.0505
0.0505
0.0508
0.0507
0.0506
0.0506
0.0504
0.0503
0.0504
0.0506
0.0508
0.0508
0.0507
0.0506
0.0505
0.0505
0.0505
0.0505
0.0505
0.0504
0.0403
0.0530
0.0512
0.0488
0.0501
0.0502
0.0499
0.0497
0.0495
0.0496
0.0500
0.0497
0.0502
0.0496
0.0496
0.0499
0.0500
0.0498
0.0502
0.0502
0.0502
0.0502
0.0502
0.0502
0.0499
0.0499
0.0499
0.0499
0.0499
0.0499
0.0498
0.0497
0.0497
0.0495
0.0495
0.0496
0.0498
0.0498
0.0498
0.0499
0.0498
0.0498
0.0498
0.0497
0.0498
0.0498
0.0498
0.0398
0.0535
0.0523
0.0502
0.0504
0.0499
0.0496
0.0495
0.0501
0.0499
0.0507
0.0505
0.0510
0.0505
0.0503
0.0505
0.0504
0.0500
0.0504
0.0504
0.0504
0.0505
0.0506
0.0505
0.0503
0.0503
0.0504
0.0505
0.0504
0.0504
0.0503
0.0502
0.0502
0.0499
0.0499
0.0500
0.0502
0.0502
0.0501
0.0501
0.0500
0.0499
0.0499
0.0499
0.0499
0.0499
0.0499
0.0406
0.0534
0.0503
0.0499
0.0514
0.0514
0.0510
0.0505
0.0505
0.0501
0.0501
0.0501
0.0507
0.0502
0.0502
0.0503
0.0503
0.0500
0.0501
0.0501
0.0500
0.0501
0.0502
0.0501
0.0500
0.0502
0.0504
0.0504
0.0504
0.0505
0.0503
0.0503
0.0502
0.0499
0.0499
0.0500
0.0502
0.0502
0.0502
0.0501
0.0500
0.0499
0.0499
0.0498
0.0499
0.0499
0.0499
0.0342
0.0554
0.0520
0.0509
0.0515
0.0511
0.0505
0.0504
0.0502
0.0497
0.0498
0.0495
0.0498
0.0492
0.0492
0.0494
0.0494
0.0492
0.0496
0.0497
0.0496
0.0497
0.0497
0.0496
0.0494
0.0495
0.0497
0.0497
0.0496
0.0497
0.0496
0.0495
0.0495
0.0493
0.0493
0.0494
0.0497
0.0499
0.0499
0.0499
0.0498
0.0497
0.0497
0.0497
0.0497
0.0497
0.0497
0.0591
0.0523
0.0495
0.0492
0.0502
0.0501
0.0497
0.0493
0.0493
0.0488
0.0491
0.0489
0.0496
0.0490
0.0490
0.0490
0.0490
0.0490
0.0492
0.0493
0.0491
0.0492
0.0494
0.0494
0.0493
0.0494
0.0495
0.0495
0.0494
0.0494
0.0494
0.0494
0.0494
0.0492
0.0492
0.0494
0.0494
0.0495
0.0494
0.0495
0.0494
0.0493
0.0493
0.0493
0.0494
0.0494
0.0494
0.0329
0.0550
0.0515
0.0511
0.0513
0.0511
0.0511
0.0505
0.0504
0.0497
0.0500
0.0501
0.0503
0.0499
0.0498
0.0501
0.0500
0.0498
0.0500
0.0500
0.0499
0.0499
0.0498
0.0498
0.0496
0.0496
0.0496
0.0496
0.0495
0.0497
0.0496
0.0495
0.0495
0.0493
0.0493
0.0495
0.0496
0.0498
0.0498
0.0498
0.0497
0.0497
0.0496
0.0497
0.0497
0.0497
0.0497
0.0460
0.0524
0.0485
0.0497
0.0505
0.0506
0.0502
0.0498
0.0499
0.0506
0.0509
0.0508
0.0511
0.0505
0.0505
0.0504
0.0501
0.0499
0.0499
0.0498
0.0496
0.0496
0.0496
0.0497
0.0496
0.0497
0.0497
0.0497
0.0495
0.0496
0.0494
0.0494
0.0494
0.0492
0.0491
0.0492
0.0493
0.0493
0.0493
0.0493
0.0492
0.0492
0.0491
0.0491
0.0491
0.0490
0.0490
0.0276
0.0507
0.0498
0.0499
0.0511
0.0507
0.0504
0.0497
0.0496
0.0493
0.0494
0.0493
0.0495
0.0490
0.0488
0.0491
0.0490
0.0488
0.0490
0.0489
0.0488
0.0490
0.0490
0.0491
0.0490
0.0491
0.0491
0.0490
0.0489
0.0491
0.0490
0.0489
0.0489
0.0487
0.0485
0.0488
0.0488
0.0489
0.0490
0.0490
0.0490
0.0489
0.0490
0.0489
0.0490
0.0490
0.0489
0.0698
0.0529
0.0509
0.0506
0.0511
0.0513
0.0509
0.0500
0.0501
0.0497
0.0498
0.0498
0.0500
0.0494
0.0491
0.0492
0.0491
0.0490
0.0494
0.0494
0.0491
0.0492
0.0493
0.0493
0.0492
0.0493
0.0493
0.0494
0.0491
0.0493
0.0492
0.0491
0.0491
0.0489
0.0488
0.0490
0.0490
0.0491
0.0490
0.0492
0.0491
0.0490
0.0489
0.0490
0.0491
0.0490
0.0490
0.0449
0.0526
0.0518
0.0515
0.0515
0.0508
0.0506
0.0499
0.0499
0.0495
0.0498
0.0497
0.0498
0.0494
0.0492
0.0494
0.0492
0.0491
0.0493
0.0494
0.0492
0.0492
0.0491
0.0492
0.0489
0.0491
0.0491
0.0491
0.0489
0.0490
0.0489
0.0489
0.0489
0.0487
0.0486
0.0488
0.0488
0.0489
0.0489
0.0490
0.0489
0.0488
0.0487
0.0487
0.0487
0.0488
0.0487
0.0322
0.0511
0.0501
0.0508
0.0515
0.0514
0.0509
0.0502
0.0503
0.0499
0.0500
0.0497
0.0503
0.0499
0.0499
0.0500
0.0499
0.0497
0.0500
0.0498
0.0497
0.0496
0.0495
0.0494
0.0491
0.0494
0.0494
0.0494
0.0492
0.0494
0.0492
0.0492
0.0491
0.0490
0.0490
0.0492
0.0492
0.0494
0.0494
0.0494
0.0493
0.0492
0.0491
0.0491
0.0492
0.0492
0.0491
0.0695
0.0507
0.0497
0.0511
0.0508
0.0513
0.0505
0.0498
0.0495
0.0491
0.0491
0.0490
0.0491
0.0487
0.0485
0.0484
0.0483
0.0481
0.0487
0.0488
0.0487
0.0488
0.0488
0.0486
0.0484
0.0486
0.0486
0.0486
0.0485
0.0488
0.0486
0.0486
0.0487
0.0485
0.0484
0.0486
0.0487
0.0487
0.0488
0.0488
0.0486
0.0485
0.0485
0.0485
0.0486
0.0486
0.0486
0.0357
0.0515
0.0507
0.0509
0.0500
0.0509
0.0504
0.0496
0.0494
0.0490
0.0490
0.0488
0.0491
0.0488
0.0487
0.0486
0.0485
0.0483
0.0485
0.0486
0.0484
0.0485
0.0485
0.0484
0.0482
0.0483
0.0484
0.0485
0.0484
0.0486
0.0484
0.0484
0.0484
0.0483
0.0481
0.0483
0.0484
0.0485
0.0485
0.0486
0.0485
0.0484
0.0484
0.0484
0.0485
0.0485
0.0485
0.1127
0.0515
0.0498
0.0501
0.0496
0.0497
0.0498
0.0491
0.0488
0.0485
0.0486
0.0486
0.0487
0.0484
0.0483
0.0483
0.0482
0.0480
0.0481
0.0483
0.0482
0.0483
0.0483
0.0484
0.0482
0.0483
0.0484
0.0484
0.0483
0.0484
0.0483
0.0483
0.0484
0.0482
0.0482
0.0483
0.0484
0.0486
0.0486
0.0487
0.0485
0.0484
0.0484
0.0484
0.0485
0.0485
0.0484
0.0415
0.0485
0.0486
0.0493
0.0493
0.0508
0.0506
0.0496
0.0494
0.0494
0.0494
0.0492
0.0493
0.0489
0.0488
0.0487
0.0486
0.0484
0.0486
0.0485
0.0484
0.0484
0.0483
0.0484
0.0482
0.0484
0.0485
0.0485
0.0484
0.0485
0.0483
0.0484
0.0484
0.0481
0.0482
0.0483
0.0484
0.0486
0.0485
0.0486
0.0485
0.0484
0.0484
0.0484
0.0485
0.0485
0.0485
0.0539
0.0515
0.0515
0.0509
0.0501
0.0506
0.0504
0.0495
0.0492
0.0489
0.0491
0.0489
0.0491
0.0487
0.0484
0.0484
0.0483
0.0482
0.0482
0.0482
0.0480
0.0480
0.0480
0.0481
0.0479
0.0481
0.0481
0.0481
0.0480
0.0481
0.0480
0.0479
0.0480
0.0479
0.0479
0.0479
0.0480
0.0481
0.0481
0.0484
0.0484
0.0482
0.0482
0.0482
0.0482
0.0482
0.0482
0.0428
0.0509
0.0493
0.0493
0.0496
0.0504
0.0500
0.0494
0.0492
0.0488
0.0491
0.0490
0.0492
0.0488
0.0487
0.0487
0.0487
0.0486
0.0487
0.0487
0.0485
0.0485
0.0485
0.0485
0.0483
0.0484
0.0484
0.0484
0.0483
0.0484
0.0483
0.0483
0.0483
0.0482
0.0482
0.0483
0.0483
0.0484
0.0483
0.0484
0.0483
0.0482
0.0482
0.0482
0.0482
0.0482
0.0482
0.0527
0.0521
0.0508
0.0512
0.0500
0.0510
0.0504
0.0498
0.0496
0.0492
0.0492
0.0492
0.0492
0.0486
0.0484
0.0484
0.0483
0.0482
0.0483
0.0485
0.0486
0.0485
0.0485
0.0484
0.0483
0.0484
0.0485
0.0484
0.0484
0.0485
0.0484
0.0484
0.0484
0.0482
0.0482
0.0482
0.0484
0.0486
0.0485
0.0486
0.0485
0.0484
0.0483
0.0484
0.0484
0.0484
0.0484
0.0415
0.0514
0.0499
0.0499
0.0493
0.0500
0.0497
0.0492
0.0489
0.0485
0.0485
0.0484
0.0484
0.0479
0.0477
0.0479
0.0478
0.0476
0.0477
0.0479
0.0477
0.0477
0.0477
0.0478
0.0476
0.0476
0.0478
0.0477
0.0477
0.0478
0.0477
0.0477
0.0477
0.0476
0.0475
0.0476
0.0477
0.0479
0.0479
0.0480
0.0479
0.0478
0.0478
0.0479
0.0478
0.0479
0.0478
0.0344
0.0515
0.0504
0.0511
0.0508
0.0507
0.0499
0.0495
0.0493
0.0490
0.0490
0.0488
0.0487
0.0482
0.0480
0.0481
0.0479
0.0479
0.0480
0.0481
0.0480
0.0480
0.0479
0.0479
0.0477
0.0479
0.0480
0.0479
0.0479
0.0480
0.0478
0.0478
0.0478
0.0476
0.0475
0.0476
0.0477
0.0478
0.0478
0.0479
0.0478
0.0477
0.0477
0.0477
0.0477
0.0477
0.0477
0.0354
0.0512
0.0492
0.0495
0.0485
0.0485
0.0481
0.0477
0.0476
0.0474
0.0473
0.0473
0.0476
0.0474
0.0473
0.0474
0.0473
0.0471
0.0472
0.0475
0.0474
0.0474
0.0473
0.0475
0.0473
0.0473
0.0474
0.0474
0.0473
0.0473
0.0472
0.0472
0.0472
0.0471
0.0471
0.0471
0.0472
0.0473
0.0473
0.0474
0.0474
0.0472
0.0471
0.0473
0.0473
0.0474
0.0473
0.0508
0.0511
0.0484
0.0494
0.0493
0.0495
0.0491
0.0489
0.0487
0.0483
0.0483
0.0482
0.0485
0.0481
0.0480
0.0480
0.0481
0.0480
0.0481
0.0481
0.0480
0.0479
0.0480
0.0480
0.0478
0.0481
0.0481
0.0482
0.0481
0.0482
0.0481
0.0481
0.0482
0.0480
0.0479
0.0479
0.0480
0.0482
0.0482
0.0483
0.0482
0.0480
0.0480
0.0482
0.0481
0.0481
0.0480
0.0550
0.0486
0.0471
0.0483
0.0474
0.0474
0.0470
0.0473
0.0475
0.0472
0.0476
0.0476
0.0479
0.0477
0.0478
0.0479
0.0479
0.0478
0.0480
0.0482
0.0480
0.0481
0.0482
0.0482
0.0480
0.0479
0.0479
0.0479
0.0478
0.0479
0.0478
0.0477
0.0478
0.0476
0.0475
0.0476
0.0477
0.0479
0.0479
0.0479
0.0478
0.0477
0.0477
0.0478
0.0478
0.0478
0.0478
0.0712
0.0526
0.0505
0.0504
0.0500
0.0511
0.0502
0.0497
0.0494
0.0493
0.0494
0.0491
0.0492
0.0489
0.0486
0.0485
0.0482
0.0480
0.0479
0.0480
0.0477
0.0477
0.0477
0.0477
0.0475
0.0474
0.0475
0.0475
0.0473
0.0474
0.0473
0.0472
0.0473
0.0472
0.0471
0.0471
0.0472
0.0472
0.0472
0.0473
0.0473
0.0472
0.0471
0.0472
0.0472
0.0472
0.0472
0.0348
0.0518
0.0492
0.0497
0.0487
0.0494
0.0486
0.0486
0.0489
0.0491
0.0491
0.0493
0.0492
0.0489
0.0485
0.0485
0.0484
0.0483
0.0484
0.0483
0.0484
0.0483
0.0483
0.0485
0.0482
0.0481
0.0481
0.0481
0.0479
0.0480
0.0479
0.0477
0.0478
0.0477
0.0477
0.0477
0.0478
0.0480
0.0479
0.0479
0.0479
0.0477
0.0477
0.0477
0.0477
0.0477
0.0477
0.0444
0.0485
0.0479
0.0488
0.0488
0.0492
0.0486
0.0487
0.0486
0.0482
0.0483
0.0482
0.0484
0.0481
0.0479
0.0480
0.0480
0.0479
0.0479
0.0480
0.0479
0.0478
0.0478
0.0480
0.0478
0.0478
0.0478
0.0477
0.0476
0.0477
0.0477
0.0476
0.0476
0.0474
0.0476
0.0475
0.0476
0.0478
0.0477
0.0477
0.0476
0.0474
0.0473
0.0474
0.0473
0.0474
0.0474
0.0383
0.0474
0.0480
0.0486
0.0480
0.0482
0.0476
0.0477
0.0475
0.0474
0.0479
0.0480
0.0481
0.0481
0.0479
0.0478
0.0477
0.0475
0.0476
0.0475
0.0475
0.0475
0.0475
0.0476
0.0475
0.0473
0.0474
0.0474
0.0474
0.0473
0.0473
0.0472
0.0471
0.0469
0.0469
0.0469
0.0470
0.0472
0.0472
0.0473
0.0473
0.0472
0.0471
0.0472
0.0471
0.0473
0.0472
0.0664
0.0524
0.0504
0.0507
0.0495
0.0498
0.0490
0.0490
0.0491
0.0488
0.0487
0.0487
0.0486
0.0483
0.0480
0.0479
0.0479
0.0477
0.0479
0.0477
0.0477
0.0476
0.0476
0.0475
0.0474
0.0475
0.0476
0.0475
0.0474
0.0474
0.0473
0.0473
0.0473
0.0471
0.0470
0.0470
0.0471
0.0472
0.0472
0.0473
0.0472
0.0471
0.0470
0.0471
0.0470
0.0471
0.0470
0.0329
0.0496
0.0494
0.0497
0.0484
0.0489
0.0480
0.0482
0.0479
0.0473
0.0473
0.0476
0.0476
0.0475
0.0474
0.0474
0.0474
0.0472
0.0473
0.0472
0.0470
0.0471
0.0470
0.0472
0.0471
0.0470
0.0470
0.0470
0.0470
0.0471
0.0470
0.0469
0.0469
0.0468
0.0466
0.0467
0.0467
0.0468
0.0468
0.0469
0.0468
0.0468
0.0468
0.0468
0.0468
0.0468
0.0468
0.0383
0.0486
0.0491
0.0496
0.0486
0.0492
0.0485
0.0485
0.0482
0.0479
0.0477
0.0477
0.0479
0.0476
0.0475
0.0474
0.0473
0.0471
0.0472
0.0472
0.0471
0.0471
0.0470
0.0472
0.0470
0.0470
0.0471
0.0472
0.0470
0.0471
0.0470
0.0469
0.0469
0.0467
0.0467
0.0467
0.0468
0.0470
0.0470
0.0470
0.0470
0.0469
0.0469
0.0469
0.0468
0.0470
0.0469
0.0475
0.0466
0.0483
0.0491
0.0484
0.0491
0.0481
0.0481
0.0479
0.0475
0.0474
0.0475
0.0475
0.0474
0.0471
0.0471
0.0472
0.0471
0.0473
0.0473
0.0473
0.0472
0.0472
0.0474
0.0473
0.0472
0.0472
0.0471
0.0471
0.0472
0.0472
0.0471
0.0471
0.0469
0.0469
0.0469
0.0470
0.0473
0.0473
0.0474
0.0474
0.0473
0.0472
0.0473
0.0473
0.0474
0.0473
0.0300
0.0473
0.0478
0.0482
0.0476
0.0474
0.0466
0.0468
0.0467
0.0467
0.0469
0.0470
0.0472
0.0472
0.0471
0.0471
0.0471
0.0470
0.0470
0.0470
0.0470
0.0469
0.0470
0.0471
0.0470
0.0473
0.0475
0.0473
0.0473
0.0473
0.0472
0.0470
0.0470
0.0469
0.0468
0.0468
0.0469
0.0470
0.0469
0.0469
0.0468
0.0468
0.0467
0.0467
0.0466
0.0468
0.0467
0.0480
0.0478
0.0475
0.0476
0.0473
0.0472
0.0465
0.0468
0.0470
0.0466
0.0465
0.0466
0.0468
0.0468
0.0464
0.0463
0.0464
0.0464
0.0465
0.0465
0.0465
0.0464
0.0464
0.0464
0.0463
0.0463
0.0464
0.0465
0.0465
0.0466
0.0466
0.0465
0.0465
0.0464
0.0463
0.0463
0.0465
0.0466
0.0465
0.0466
0.0466
0.0466
0.0466
0.0467
0.0466
0.0467
0.0467
0.0322
0.0481
0.0477
0.0480
0.0475
0.0477
0.0473
0.0474
0.0472
0.0470
0.0470
0.0470
0.0469
0.0469
0.0465
0.0464
0.0464
0.0463
0.0462
0.0464
0.0463
0.0462
0.0463
0.0463
0.0462
0.0462
0.0462
0.0462
0.0462
0.0463
0.0463
0.0463
0.0463
0.0462
0.0461
0.0462
0.0463
0.0465
0.0465
0.0466
0.0465
0.0464
0.0463
0.0464
0.0463
0.0465
0.0465
0.0535
0.0461
0.0472
0.0478
0.0475
0.0487
0.0477
0.0481
0.0477
0.0473
0.0472
0.0471
0.0470
0.0470
0.0467
0.0466
0.0467
0.0465
0.0466
0.0468
0.0468
0.0466
0.0466
0.0467
0.0465
0.0465
0.0465
0.0465
0.0465
0.0465
0.0465
0.0464
0.0464
0.0463
0.0462
0.0463
0.0464
0.0467
0.0467
0.0467
0.0467
0.0466
0.0465
0.0465
0.0465
0.0467
0.0466
0.0713
0.0470
0.0482
0.0482
0.0478
0.0482
0.0472
0.0473
0.0469
0.0467
0.0465
0.0465
0.0465
0.0466
0.0463
0.0461
0.0463
0.0463
0.0461
0.0463
0.0464
0.0463
0.0464
0.0466
0.0464
0.0465
0.0466
0.0466
0.0465
0.0466
0.0466
0.0465
0.0466
0.0465
0.0464
0.0465
0.0466
0.0468
0.0468
0.0468
0.0467
0.0467
0.0466
0.0466
0.0466
0.0467
0.0467
0.0276
0.0467
0.0480
0.0484
0.0484
0.0488
0.0479
0.0481
0.0477
0.0475
0.0473
0.0471
0.0470
0.0470
0.0466
0.0467
0.0468
0.0466
0.0464
0.0466
0.0465
0.0464
0.0464
0.0464
0.0463
0.0463
0.0464
0.0464
0.0463
0.0463
0.0463
0.0463
0.0464
0.0463
0.0462
0.0463
0.0463
0.0465
0.0465
0.0465
0.0464
0.0463
0.0462
0.0463
0.0463
0.0465
0.0465
0.0308
0.0480
0.0483
0.0487
0.0480
0.0481
0.0471
0.0474
0.0471
0.0471
0.0471
0.0471
0.0469
0.0470
0.0466
0.0465
0.0465
0.0463
0.0462
0.0464
0.0464
0.0464
0.0464
0.0465
0.0463
0.0463
0.0465
0.0465
0.0465
0.0466
0.0466
0.0465
0.0465
0.0464
0.0463
0.0463
0.0465
0.0466
0.0466
0.0466
0.0465
0.0464
0.0463
0.0463
0.0463
0.0464
0.0463
0.0595
0.0474
0.0492
0.0488
0.0478
0.0479
0.0471
0.0473
0.0476
0.0475
0.0475
0.0476
0.0475
0.0473
0.0469
0.0467
0.0466
0.0464
0.0462
0.0464
0.0464
0.0463
0.0464
0.0463
0.0462
0.0462
0.0462
0.0463
0.0462
0.0463
0.0463
0.0462
0.0461
0.0461
0.0459
0.0460
0.0462
0.0463
0.0463
0.0463
0.0462
0.0461
0.0460
0.0460
0.0460
0.0461
0.0461
0.0314
0.0444
0.0463
0.0466
0.0460
0.0468
0.0465
0.0470
0.0465
0.0467
0.0466
0.0466
0.0466
0.0465
0.0462
0.0461
0.0463
0.0462
0.0461
0.0462
0.0462
0.0461
0.0462
0.0462
0.0460
0.0459
0.0459
0.0460
0.0459
0.0460
0.0461
0.0460
0.0459
0.0459
0.0458
0.0458
0.0459
0.0461
0.0462
0.0463
0.0463
0.0462
0.0462
0.0462
0.0462
0.0463
0.0463
0.0584
0.0479
0.0480
0.0473
0.0465
0.0468
0.0462
0.0463
0.0462
0.0462
0.0460
0.0461
0.0462
0.0461
0.0458
0.0456
0.0457
0.0456
0.0454
0.0455
0.0454
0.0453
0.0453
0.0454
0.0452
0.0452
0.0453
0.0454
0.0454
0.0454
0.0455
0.0454
0.0454
0.0453
0.0453
0.0454
0.0455
0.0456
0.0456
0.0457
0.0457
0.0456
0.0456
0.0457
0.0456
0.0457
0.0457
0.0382
0.0457
0.0488
0.0485
0.0473
0.0481
0.0474
0.0477
0.0472
0.0470
0.0468
0.0472
0.0472
0.0472
0.0466
0.0466
0.0467
0.0465
0.0464
0.0465
0.0465
0.0465
0.0465
0.0466
0.0465
0.0464
0.0465
0.0465
0.0465
0.0465
0.0465
0.0463
0.0463
0.0462
0.0461
0.0460
0.0462
0.0463
0.0464
0.0464
0.0463
0.0462
0.0462
0.0462
0.0462
0.0462
0.0462
0.0306
0.0437
0.0469
0.0477
0.0471
0.0475
0.0470
0.0473
0.0472
0.0471
0.0468
0.0468
0.0468
0.0468
0.0464
0.0463
0.0463
0.0462
0.0460
0.0461
0.0461
0.0461
0.0460
0.0463
0.0462
0.0460
0.0461
0.0461
0.0462
0.0462
0.0462
0.0461
0.0461
0.0461
0.0460
0.0459
0.0460
0.0461
0.0461
0.0461
0.0460
0.0460
0.0459
0.0460
0.0459
0.0460
0.0460
0.0774
0.0432
0.0472
0.0482
0.0470
0.0480
0.0478
0.0476
0.0472
0.0471
0.0470
0.0471
0.0470
0.0469
0.0464
0.0465
0.0466
0.0466
0.0464
0.0469
0.0467
0.0466
0.0466
0.0466
0.0465
0.0463
0.0464
0.0464
0.0464
0.0463
0.0464
0.0464
0.0463
0.0462
0.0461
0.0461
0.0462
0.0463
0.0463
0.0463
0.0462
0.0461
0.0461
0.0461
0.0461
0.0461
0.0461
0.0250
0.0481
0.0491
0.0488
0.0475
0.0477
0.0474
0.0476
0.0472
0.0469
0.0466
0.0466
0.0464
0.0464
0.0460
0.0460
0.0461
0.0460
0.0458
0.0461
0.0460
0.0459
0.0460
0.0461
0.0461
0.0461
0.0462
0.0463
0.0463
0.0462
0.0462
0.0462
0.0461
0.0460
0.0458
0.0458
0.0459
0.0461
0.0461
0.0461
0.0461
0.0460
0.0459
0.0460
0.0460
0.0461
0.0461
0.0335
0.0442
0.0464
0.0471
0.0459
0.0467
0.0465
0.0464
0.0461
0.0460
0.0459
0.0460
0.0460
0.0463
0.0458
0.0459
0.0458
0.0457
0.0454
0.0458
0.0457
0.0455
0.0456
0.0458
0.0457
0.0456
0.0457
0.0457
0.0457
0.0457
0.0457
0.0458
0.0458
0.0458
0.0457
0.0456
0.0457
0.0458
0.0458
0.0459
0.0458
0.0456
0.0456
0.0456
0.0456
0.0456
0.0456
0.0251
0.0427
0.0455
0.0465
0.0460
0.0465
0.0463
0.0463
0.0457
0.0455
0.0455
0.0458
0.0456
0.0458
0.0454
0.0454
0.0456
0.0455
0.0453
0.0457
0.0458
0.0458
0.0458
0.0459
0.0458
0.0457
0.0458
0.0458
0.0460
0.0460
0.0461
0.0461
0.0461
0.0461
0.0459
0.0459
0.0460
0.0462
0.0463
0.0463
0.0463
0.0462
0.0461
0.0461
0.0461
0.0461
0.0461
0.0491
0.0433
0.0462
0.0474
0.0461
0.0462
0.0459
0.0461
0.0456
0.0456
0.0456
0.0457
0.0455
0.0457
0.0453
0.0453
0.0454
0.0453
0.0452
0.0454
0.0454
0.0454
0.0454
0.0454
0.0453
0.0452
0.0452
0.0452
0.0452
0.0452
0.0452
0.0452
0.0451
0.0451
0.0450
0.0449
0.0451
0.0453
0.0453
0.0453
0.0452
0.0451
0.0451
0.0452
0.0452
0.0452
0.0452
0.0378
0.0419
0.0468
0.0475
0.0469
0.0471
0.0470
0.0469
0.0464
0.0466
0.0464
0.0466
0.0463
0.0465
0.0461
0.0459
0.0461
0.0461
0.0457
0.0459
0.0457
0.0457
0.0456
0.0457
0.0457
0.0456
0.0456
0.0455
0.0455
0.0455
0.0456
0.0455
0.0455
0.0455
0.0453
0.0453
0.0454
0.0455
0.0455
0.0455
0.0454
0.0454
0.0453
0.0453
0.0453
0.0454
0.0454
